          12   9.2626367585580738E-002
          24  0.20025896240531438     
          32  0.26695512447713554     
          52  0.41742277360117441     
         104  0.80596169089312752     
         204   1.5523336390979239     
         504   3.7149977376775496     
        1004   7.5871150008351833     
        1504   11.493426867167727     
        2004   15.207648070175310     
        2504   19.395713082706607     
        3004   22.818168258981132     
        3504   26.536051216374290     
        4004   30.052886152046085     
        4504   33.849446753550183     
        5004   37.807610796992776     
        5504   41.691832250627158     
        6004   45.663076776942944     
        6504   48.845676167085003     
        7004   52.627390299081526     
        7504   56.524742116958805     
        8004   60.182765595655837     
        9004   66.598654949038973     
       10004   76.318468128654786     
