-15.9521 -16.0768
-12.0479 -15.9239
-8.07087 -16.0128
-4.09439 -16.0463
-0.0736128 -15.9366
4.0434 -15.9786
7.92032 -15.9039
12.0448 -15.9927
15.9647 -16.047
-16.0737 -12.022
-12.0991 -12.0674
-7.91224 -12.0122
-4.10238 -12.0013
0.0584325 -11.8915
4.05745 -12.0654
7.9235 -11.9668
11.9279 -11.9966
15.9794 -12.0151
-15.9393 -7.9871
-11.9913 -8.08501
-8.05358 -8.02006
-3.99347 -8.00539
-0.0538321 -8.02079
4.072 -7.9613
8.00232 -8.07386
12.0868 -7.96894
15.9288 -7.89757
-15.9111 -4.04567
-12.0287 -3.92477
-8.06706 -4.04343
-3.92009 -4.01569
0.0598928 -4.06434
4.05785 -4.03282
7.99066 -3.95355
12.0502 -4.0728
16.0315 -4.07553
-16.0227 -0.0340537
-12.0108 0.0512956
-7.98473 -0.0109469
-4.03989 -0.054542
-0.0146918 -0.0252212
4.04663 0.0420183
7.94732 0.063435
12.0665 0.0464411
16.0088 -0.0727369
-15.9269 4.01656
-12.0183 4.06088
-7.97767 3.9674
-4.10183 3.94085
0.0839643 4.07622
3.93817 4.04338
8.07081 4.0433
12.0794 3.98787
15.9647 4.02258
-15.953 8.05268
-11.9619 7.96021
-8.10242 8.01265
-3.92766 7.97276
-0.0538063 8.06666
4.08932 8.08284
8.06404 8.0903
11.9695 7.97359
16.0213 7.91971
-15.9889 12.0473
-12.0693 12.0229
-8.00633 11.9967
-4.06358 11.9923
-0.0898764 11.9437
4.05032 12.0027
8.03642 12.0252
11.9255 12.0024
16.0555 11.9509
-15.9148 16.0557
-12.0062 15.9592
-8.00748 16.011
-4.0878 15.9844
-0.0285905 16.0096
4.02813 15.9206
7.99939 15.9671
12.038 16.0579
16.0601 15.9595
