0 0
0.001 -1.41852792887624e-17
0.002 -9.07857874480792e-16
0.003 -1.03410686015077e-14
0.004 -5.81029039667693e-14
0.005 -2.21644988886894e-13
0.006 -6.61828390496307e-13
0.007 -1.6688839230424e-12
0.008 -3.7185858538673e-12
0.009 -7.53863901047444e-12
0.01 -1.41852792886751e-11
0.011 -2.51300875618043e-11
0.012 -4.23570169909952e-11
0.013 -6.84696337364716e-11
0.014 -1.06808571069825e-10
0.015 -1.61579196887197e-10
0.016 -2.37989494623238e-10
0.017 -3.4239815756574e-10
0.018 -4.82472896570616e-10
0.019 -6.67358961177011e-10
0.02 -9.07857874122031e-10
0.021 -1.2166163792545e-09
0.022 -1.60832560284709e-09
0.023 -2.09993042830571e-09
0.024 -2.71084908427482e-09
0.025 -3.46320294613716e-09
0.026 -4.38205655090603e-09
0.027 -5.4956678255069e-09
0.028 -6.83574852844637e-09
0.029 -8.43773490486312e-09
0.03 -1.03410685549583e-08
0.031 -1.25894875157975e-08
0.032 -1.52313275564793e-08
0.033 -1.83198336866632e-08
0.034 -2.19134818784437e-08
0.035 -2.60763110015663e-08
0.036 -3.08782649719637e-08
0.037 -3.63955451136094e-08
0.038 -4.2710972733657e-08
0.039 -4.99143619108587e-08
0.04 -5.81029024972325e-08
0.041 -6.73815533329542e-08
0.042 -7.78634456744434e-08
0.043 -8.96702968356128e-08
0.044 -1.02932834042237e-07
0.045 -1.17791228499408e-07
0.046 -1.34395539672019e-07
0.047 -1.52906169778211e-07
0.048 -1.73494328495766e-07
0.049 -1.96342507881311e-07
0.05 -2.2164496750232e-07
0.051 -2.49608229781793e-07
0.052 -2.80451585555523e-07
0.053 -3.14407609841849e-07
0.054 -3.51722687823806e-07
0.055 -3.92657551043474e-07
0.056 -4.37487823808476e-07
0.057 -4.86504579810438e-07
0.058 -5.40014908955143e-07
0.059 -5.98342494404418e-07
0.06 -6.61828199829315e-07
0.061 -7.30830666874516e-07
0.062 -8.05726922833661e-07
0.063 -8.86912998535346e-07
0.064 -9.74804556439582e-07
0.065 -1.06983752894417e-06
0.066 -1.17246876690107e-06
0.067 -1.28317669834192e-06
0.068 -1.40246199741273e-06
0.069 -1.53084826351707e-06
0.07 -1.66888271066732e-06
0.071 -1.81713686704378e-06
0.0720000000000001 -1.97620728476051e-06
0.0730000000000001 -2.14671625983817e-06
0.0740000000000001 -2.32931256238226e-06
0.0750000000000001 -2.52467217696722e-06
0.0760000000000001 -2.73349905322451e-06
0.0770000000000001 -2.95652586663492e-06
0.0780000000000001 -3.19451478952369e-06
0.0790000000000001 -3.44825827225794e-06
0.0800000000000001 -3.71857983464528e-06
0.0810000000000001 -4.00633486753258e-06
0.0820000000000001 -4.31241144460392e-06
0.0830000000000001 -4.63773114437724e-06
0.0840000000000001 -4.98324988239665e-06
0.0850000000000001 -5.34995875362213e-06
0.0860000000000001 -5.73888488501198e-06
0.0870000000000001 -6.15109229829885e-06
0.0880000000000001 -6.58768278295754e-06
0.0890000000000001 -7.04979677936177e-06
0.0900000000000001 -7.53861427212983e-06
0.0910000000000001 -8.05535569365612e-06
0.0920000000000001 -8.60128283782691e-06
0.0930000000000001 -9.17769978391934e-06
0.0940000000000001 -9.78595383067934e-06
0.0950000000000001 -1.04274364405793e-05
0.0960000000000001 -1.110358419425e-05
0.0970000000000001 -1.18158797550863e-05
0.0980000000000001 -1.25658528440227e-05
0.0990000000000001 -1.33550812244788e-05
0.1 -1.41851916974658e-05
0.101 -1.50578611068589e-05
0.102 -1.59748173548251e-05
0.103 -1.69378404274073e-05
0.104 -1.79487634302606e-05
0.105 -1.90094736345343e-05
0.106 -2.01219135329006e-05
0.107 -2.12880819057191e-05
0.108 -2.25100348973408e-05
0.109 -2.37898871025384e-05
0.11 -2.51298126630681e-05
0.111 -2.65320463743454e-05
0.112 -2.79988848022414e-05
0.113 -2.95326874099884e-05
0.114 -3.11358776951896e-05
0.115 -3.28109443369251e-05
0.116 -3.45604423529533e-05
0.117 -3.63869942669946e-05
0.118 -3.82932912860962e-05
0.119 -4.02820944880676e-05
0.12 -4.23562360189765e-05
0.121 -4.45186203007083e-05
0.122 -4.67722252485638e-05
0.123 -4.91201034989048e-05
0.124 -5.15653836468259e-05
0.125 -5.41112714938454e-05
0.126 -5.67610513056154e-05
0.127 -5.95180870796243e-05
0.128 -6.23858238228956e-05
0.129 -6.53677888396644e-05
0.13 -6.84675930290265e-05
0.131 -7.1688932192539e-05
0.132 -7.50355883517728e-05
0.133 -7.85114310757848e-05
0.134 -8.21204188185279e-05
0.135 -8.58666002661439e-05
0.136 -8.97541156941654e-05
0.137 -9.37871983345859e-05
0.138 -9.79701757527863e-05
0.139 -0.000102307471234316
0.14 -0.000106803605181494
0.141 -0.000111463196519821
0.142 -0.000116290964114192
0.143 -0.000121291728194875
0.144 -0.000126470411793246
0.145 -0.000131832042187264
0.146 -0.000137381752356663
0.147 -0.00014312478244782
0.148 -0.000149066481248327
0.149 -0.000155212307671176
0.15 -0.000161567832248586
0.151 -0.000168138738635453
0.152 -0.000174930825122313
0.153 -0.000181950006157942
0.154 -0.000189202313881389
0.155 -0.000196693899663571
0.156 -0.0002044310356583
0.157 -0.000212420116362753
0.158 -0.000220667660187351
0.159 -0.000229180311035002
0.16 -0.000237964839889705
0.161 -0.000247028146414433
0.162 -0.000256377260558289
0.163 -0.000266019344172948
0.164 -0.000275961692638227
0.165 -0.000286211736496845
0.166 -0.000296777043098327
0.167 -0.00030766531825195
0.168 -0.000318884407888733
0.169 -0.000330442299732452
0.17 -0.000342347124979556
0.171 -0.000354607159988027
0.172 -0.000367230827975076
0.173 -0.000380226700723638
0.174 -0.000393603500297658
0.175 -0.000407370100766021
0.176 -0.000421535529935203
0.177 -0.000436108971090465
0.178 -0.000451099764745604
0.179 -0.000466517410401197
0.18 -0.000482371568311238
0.181 -0.000498672061258172
0.182 -0.00051542887633619
0.183 -0.000532652166742763
0.184 -0.000550352253578373
0.185 -0.000568539627654284
0.186 -0.000587224951308379
0.187 -0.000606419060228938
0.188 -0.00062613296528628
0.189 -0.000646377854372198
0.19 -0.000667165094247213
0.191 -0.00068850623239526
0.192 -0.000710412998886176
0.193 -0.000732897308245462
0.194 -0.000755971261331554
0.195 -0.0007796471472203
0.196 -0.000803937445096729
0.197 -0.000828854826153829
0.198 -0.000854412155498428
0.199 -0.000880622494063881
0.2 -0.000907499100529694
0.201 -0.000935055433247677
0.202 -0.000963305152174893
0.203 -0.000992262120812918
0.204 -0.00102194040815358
0.205 -0.00105235429063083
0.206 -0.00108351825407903
0.207 -0.00111544699569673
0.208 -0.00114815542601699
0.209 -0.00118165867088291
0.21 -0.00121597207342909
0.211 -0.00125111119606844
0.212 -0.00128709182248452
0.213 -0.00132392995962882
0.214 -0.00136164183972342
0.215 -0.00140024392226832
0.216 -0.0014397528960537
0.217 -0.00148018568117672
0.218 -0.00152155943106268
0.219 -0.00156389153449091
0.22 -0.00160719961762409
0.221 -0.00165150154604207
0.222 -0.0016968154267794
0.223 -0.00174315961036626
0.224 -0.00179055269287284
0.225 -0.0018390135179573
0.226 -0.00188856117891634
0.227 -0.00193921502073875
0.228 -0.00199099464216178
0.229 -0.00204391989772986
0.23 -0.00209801089985546
0.231 -0.00215328802088206
0.232 -0.00220977189514888
0.233 -0.00226748342105742
0.234 -0.002326443763139
0.235 -0.00238667435412367
0.236 -0.00244819689700999
0.237 -0.00251103336713521
0.238 -0.00257520601424631
0.239 -0.00264073736457073
0.24 -0.00270765022288734
0.241 -0.00277596767459659
0.242 -0.00284571308779067
0.243 -0.00291691011532187
0.244 -0.00298958269687087
0.245 -0.00306375506101224
0.246 -0.00313945172727922
0.247 -0.00321669750822583
0.248 -0.00329551751148688
0.249 -0.00337593714183511
0.25 -0.0034579821032353
0.251 -0.00354167840089515
0.252 -0.00362705234331227
0.253 -0.00371413054431775
0.254 -0.00380293992511442
0.255 -0.0038935077163113
0.256 -0.00398586145995213
0.257 -0.00408002901153938
0.258 -0.00417603854205193
0.259 -0.00427391853995628
0.26 -0.00437369781321202
0.261 -0.00447540549126923
0.262 -0.00457907102705967
0.263 -0.00468472419897931
0.264 -0.00479239511286295
0.265 -0.00490211420395018
0.266 -0.00501391223884265
0.267 -0.0051278203174509
0.268 -0.00524386987493223
0.269 -0.0053620926836173
0.27 -0.00548252085492676
0.271 -0.00560518684127546
0.272 -0.0057301234379654
0.273 -0.0058573637850665
0.274 -0.00598694136928375
0.275 -0.00611889002581187
0.276 -0.00625324394017519
0.277 -0.00639003765005415
0.278 -0.00652930604709525
0.279 -0.00667108437870723
0.28 -0.00681540824983981
0.281 -0.00696231362474609
0.282 -0.00711183682872855
0.283 -0.00726401454986539
0.284 -0.00741888384072005
0.285 -0.00757648212003108
0.286 -0.00773684717438197
0.287 -0.00790001715985074
0.288 -0.0080660306036388
0.289 -0.00823492640567845
0.29 -0.00840674384021629
0.291 -0.0085815225573765
0.292 -0.00875930258469696
0.293 -0.00894012432864418
0.294 -0.00912402857610071
0.295 -0.00931105649582752
0.296 -0.00950124963990002
0.297 -0.00969464994511602
0.298 -0.00989129973437622
0.299 -0.0100912417180348
0.3 -0.0102945189952205
0.301 -0.0105011750551282
0.302 -0.0107112537782778
0.303 -0.0109247994377405
0.304 -0.0111418567003338
0.305 -0.0113624706277807
0.306 -0.0115866866778349
0.307 -0.0118145507053698
0.308 -0.0120461089634309
0.309 -0.0122814081042517
0.31 -0.0125204951802282
0.311 -0.0127634176448573
0.312 -0.013010223353632
0.313 -0.0132609605648967
0.314 -0.0135156779406595
0.315 -0.0137744245473596
0.316 -0.0140372498565937
0.317 -0.0143042037457926
0.318 -0.0145753364988526
0.319 -0.0148506988067214
0.32 -0.0151303417679315
0.321 -0.0154143168890856
0.322 -0.0157026760852906
0.323 -0.0159954716805379
0.324 -0.0162927564080325
0.325 -0.0165945834104664
0.326 -0.0169010062402339
0.327 -0.0172120788595929
0.328 -0.0175278556407659
0.329 -0.0178483913659823
0.33 -0.0181737412274584
0.331 -0.0185039608273157
0.332 -0.0188391061774365
0.333 -0.0191792336992523
0.334 -0.0195244002234673
0.335 -0.0198746629897149
0.336 -0.0202300796461419
0.337 -0.0205907082489253
0.338 -0.0209566072617143
0.339 -0.0213278355550016
0.34 -0.0217044524054167
0.341 -0.0220865174949437
0.342 -0.0224740909100607
0.343 -0.0228672331408007
0.344 -0.0232660050797281
0.345 -0.0236704680208357
0.346 -0.0240806836583538
0.347 -0.0244967140854758
0.348 -0.0249186217929931
0.349 -0.0253464696678427
0.35 -0.0257803209915615
0.351 -0.0262202394386467
0.352 -0.0266662890748257
0.353 -0.027118534355221
0.354 -0.0275770401224248
0.355 -0.0280418716044682
0.356 -0.0285130944126874
0.357 -0.0289907745394896
0.358 -0.0294749783560055
0.359 -0.0299657726096423
0.36 -0.0304632244215196
0.361 -0.0309674012837936
0.362 -0.0314783710568697
0.363 -0.031996201966496
0.364 -0.0325209626007385
0.365 -0.0330527219068371
0.366 -0.0335915491879345
0.367 -0.034137514099686
0.368 -0.0346906866467323
0.369 -0.0352511371790552
0.37 -0.0358189363881877
0.371 -0.0363941553033004
0.372 -0.0369768652871434
0.373 -0.0375671380318547
0.374 -0.0381650455546225
0.375 -0.0387706601932048
0.376 -0.0393840546013027
0.377 -0.0400053017437859
0.378 -0.040634474891762
0.379 -0.041271647617496
0.38 -0.0419168937891674
0.381 -0.0425702875654762
0.382 -0.0432319033900751
0.383 -0.0439018159858479
0.384 -0.0445801003490091
0.385 -0.0452668317430408
0.386 -0.045962085692454
0.387 -0.0466659379763669
0.388 -0.047378464621915
0.389 -0.04809974189747
0.39 -0.0488298463056739
0.391 -0.0495688545762894
0.392 -0.0503168436588538
0.393 -0.0510738907151389
0.394 -0.0518400731114171
0.395 -0.0526154684105173
0.396 -0.0534001543636877
0.397 -0.0541942089022409
0.398 -0.054997710128995
0.399 -0.0558107363094939
0.4 -0.0566333658630149
0.401 -0.0574656773533522
0.402 -0.0583077494793791
0.403 -0.0591596610653722
0.404 -0.0600214910511165
0.405 -0.060893318481766
0.406 -0.0617752224974659
0.407 -0.0626672823227337
0.408 -0.0635695772555966
0.409 -0.0644821866564664
0.41 -0.065405189936774
0.411 -0.0663386665473356
0.412 -0.0672826959664607
0.413 -0.068237357687792
0.414 -0.0692027312078752
0.415 -0.070178896013451
0.416 -0.0711659315684759
0.417 -0.0721639173008494
0.418 -0.0731729325888643
0.419 -0.0741930567473569
0.42 -0.0752243690135608
0.421 -0.0762669485326715
0.422 -0.0773208743430902
0.423 -0.0783862253613666
0.424 -0.0794630803668327
0.425 -0.0805515179859037
0.426 -0.0816516166760651
0.427 -0.0827634547095308
0.428 -0.0838871101565627
0.429 -0.0850226608684631
0.43 -0.0861701844602087
0.431 -0.0873297582927476
0.432 -0.088501459454943
0.433 -0.0896853647451549
0.434 -0.0908815506524549
0.435 -0.0920900933374861
0.436 -0.0933110686129316
0.437 -0.0945445519236198
0.438 -0.0957906183262315
0.439 -0.0970493424686275
0.44 -0.0983207985687752
0.441 -0.0996050603932716
0.442 -0.100902201235471
0.443 -0.102212293893179
0.444 -0.103535410645955
0.445 -0.104871623231968
0.446 -0.106221002824428
0.447 -0.10758362000759
0.448 -0.108959544752313
0.449 -0.110348846391148
0.45 -0.111751593593012
0.451 -0.113167854337366
0.452 -0.114597695887948
0.453 -0.11604118476601
0.454 -0.117498386723101
0.455 -0.118969366713348
0.456 -0.120454188865235
0.457 -0.121952916452913
0.458 -0.12346561186696
0.459 -0.124992336584673
0.46 -0.126533151139794
0.461 -0.128088115091753
0.462 -0.129657286994338
0.463 -0.131240724363843
0.464 -0.132838483646672
0.465 -0.13445062018637
0.466 -0.136077188190093
0.467 -0.137718240694526
0.468 -0.139373829531194
0.469 -0.141044005291209
0.47 -0.142728817289409
0.471 -0.144428313527903
0.472 -0.146142540659002
0.473 -0.147871543947522
0.474 -0.149615367232498
0.475 -0.151374052888212
0.476 -0.153147641784618
0.477 -0.154936173247099
0.478 -0.156739685015564
0.479 -0.158558213202892
0.48 -0.160391792252682
0.481 -0.162240454896328
0.482 -0.164104232109396
0.483 -0.165983153067306
0.484 -0.167877245100295
0.485 -0.169786533647657
0.486 -0.171711042211262
0.487 -0.173650792308335
0.488 -0.175605803423478
0.489 -0.177576092959946
0.49 -0.179561676190141
0.491 -0.181562566205347
0.492 -0.183578773864669
0.493 -0.185610307743168
0.494 -0.187657174079211
0.495 -0.189719376720982
0.496 -0.191796917072167
0.497 -0.19388979403684
0.498 -0.195998003963446
0.499 -0.198121540587962
0.5 -0.200260394976195
0.501 -0.202414555465161
0.502 -0.204584007603634
0.503 -0.206768734091728
0.504 -0.208968714719635
0.505 -0.211183926305388
0.506 -0.213414342631712
0.507 -0.215659934381928
0.508 -0.217920669074913
0.509 -0.220196510999064
0.51 -0.222487421145308
0.511 -0.224793357139103
0.512 -0.227114273171448
0.513 -0.229450119928884
0.514 -0.231800844522444
0.515 -0.234166390415574
0.516 -0.236546697351011
0.517 -0.238941701276606
0.518 -0.241351334270025
0.519 -0.243775524462405
0.52 -0.246214195960896
0.521 -0.248667268770085
0.522 -0.251134658712262
0.523 -0.253616277346612
0.524 -0.256112031887193
0.525 -0.258621825119751
0.526 -0.26114555531739
0.527 -0.263683116155005
0.528 -0.266234396622531
0.529 -0.268799280936949
0.53 -0.271377648453068
0.531 -0.273969373573058
0.532 -0.276574325654687
0.533 -0.279192368918319
0.534 -0.281823362352588
0.535 -0.28446715961876
0.536 -0.287123608953787
0.537 -0.289792553072009
0.538 -0.292473829065482
0.539 -0.295167268302979
0.54 -0.297872696327568
0.541 -0.300589932752794
0.542 -0.303318791157435
0.543 -0.30605907897886
0.544 -0.308810597404883
0.545 -0.311573141264185
0.546 -0.314346498915264
0.547 -0.317130452133829
0.548 -0.319924775998735
0.549 -0.322729238776358
0.55 -0.32554360180343
0.551 -0.328367619368296
0.552 -0.331201038590557
0.553 -0.334043599299215
0.554 -0.336895033909046
0.555 -0.339755067295467
0.556 -0.342623416667665
0.557 -0.345499791440093
0.558 -0.34838389310226
0.559 -0.351275415086798
0.56 -0.354174042635819
0.561 -0.357079452665508
0.562 -0.359991313628975
0.563 -0.362909285377262
0.564 -0.365833019018614
0.565 -0.368762156775888
0.566 -0.371696331842077
0.567 -0.374635168234102
0.568 -0.377578280644523
0.569 -0.380525274291519
0.57 -0.383475744766846
0.571 -0.38642927788188
0.572 -0.389385449511691
0.573 -0.392343825437112
0.574 -0.395303961184812
0.575 -0.398265401865372
0.576 -0.40122768200921
0.577 -0.404190325400566
0.578 -0.407152844909257
0.579 -0.410114742320414
0.58 -0.413075508162063
0.581 -0.416034621530451
0.582 -0.418991549913341
0.583 -0.421945749010974
0.584 -0.424896662554819
0.585 -0.427843722124163
0.586 -0.430786346960276
0.587 -0.433723943778392
0.588 -0.436655906577332
0.589 -0.439581616446717
0.59 -0.442500441371907
0.591 -0.445411736036508
0.592 -0.448314841622365
0.593 -0.451209085607244
0.594 -0.454093781559983
0.595 -0.456968228933113
0.596 -0.459831712852982
0.597 -0.462683503907379
0.598 -0.465522857930482
0.599 -0.468349015785287
0.6 -0.471161203143366
0.601 -0.473958630261994
0.602 -0.476740491758594
0.603 -0.479505966382441
0.604 -0.482254216783635
0.605 -0.48498438927941
0.606 -0.487695613617489
0.607 -0.490387002736721
0.608 -0.493057652524882
0.609 -0.495706641573528
0.61 -0.498333030930012
0.611 -0.50093586384653
0.612 -0.503514165526205
0.613 -0.506066942866214
0.614 -0.508593184197834
0.615 -0.511091859023516
0.616 -0.513561917750766
0.617 -0.516002291423022
0.618 -0.518411891447365
0.619 -0.520789609318983
0.62 -0.523134316342519
0.621 -0.525444863350139
0.622 -0.52772008041632
0.623 -0.529958776569417
0.624 -0.532159739499765
0.625 -0.534321735264555
0.626 -0.536443507989194
0.627 -0.538523779565343
0.628 -0.540561249345406
0.629 -0.542554593833559
0.63 -0.544502466373248
0.631 -0.546403496831141
0.632 -0.548256291277417
0.633 -0.550059431662502
0.634 -0.551811475490102
0.635 -0.553510955486482
0.636 -0.555156379266127
0.637 -0.556746228993475
0.638 -0.558278961041012
0.639 -0.55975300564333
0.64 -0.561166766547493
0.641 -0.562518620659353
0.642 -0.563806917685924
0.643 -0.565029979773816
0.644 -0.566186101143614
0.645 -0.567273547720175
0.646 -0.568290556758766
0.647 -0.569235336467208
0.648 -0.570106065623656
0.649 -0.570900893190288
0.65 -0.571617937922628
0.651 -0.572255287974653
0.652 -0.572811000499512
0.653 -0.573283101245818
0.654 -0.573669584149636
0.655 -0.573968410921868
0.656 -0.574177510631225
0.657 -0.574294779282594
0.658 -0.574318079390833
0.659 -0.574245239549993
0.66 -0.574074053997708
0.661 -0.573802282175039
0.662 -0.573427648281452
0.663 -0.572947840825007
0.664 -0.572360512167737
0.665 -0.571663278066059
0.666 -0.570853717206329
0.667 -0.569929370735353
0.668 -0.568887741785873
0.669 -0.567726294997033
0.67 -0.566442456029649
0.671 -0.56503361107635
0.672 -0.563497106366534
0.673 -0.561830247665973
0.674 -0.560030299771211
0.675 -0.558094485998559
0.676 -0.556019987667661
0.677 -0.55380394357966
0.678 -0.551443449489834
0.679 -0.548935557574663
0.68 -0.546277275893326
0.681 -0.543465567843569
0.682 -0.54049735161177
0.683 -0.53736949961742
0.684 -0.534078837951624
0.685 -0.530622145809873
0.686 -0.526996154918857
0.687 -0.52319754895732
0.688000000000001 -0.519222962970955
0.689000000000001 -0.515068982781156
0.690000000000001 -0.51073214438771
0.691000000000001 -0.506208933365305
0.692000000000001 -0.50149578425382
0.693000000000001 -0.496589079942347
0.694000000000001 -0.491485151046792
0.695000000000001 -0.486180275281247
0.696000000000001 -0.480670676822772
0.697000000000001 -0.474952525669737
0.698000000000001 -0.46902193699364
0.699000000000001 -0.462874970484229
0.700000000000001 -0.456507629688008
0.701000000000001 -0.449915861340038
0.702000000000001 -0.443095554688874
0.703000000000001 -0.436042540814711
0.704000000000001 -0.428752591940637
0.705000000000001 -0.421221420736855
0.706000000000001 -0.413444679617974
0.707000000000001 -0.40541796003313
0.708000000000001 -0.397136791749005
0.709000000000001 -0.388596642125642
0.710000000000001 -0.379792915384995
0.711000000000001 -0.370720951872115
0.712000000000001 -0.361376027308988
0.713000000000001 -0.351753352040874
0.714000000000001 -0.341848070275189
0.715000000000001 -0.331655259312743
0.716000000000001 -0.32116992877136
0.717000000000001 -0.310387019801801
0.718000000000001 -0.299301404295867
0.719000000000001 -0.287907884086732
0.720000000000001 -0.276201190141296
0.721000000000001 -0.26417598174458
0.722000000000001 -0.25182684567615
0.723000000000001 -0.239148295378324
0.724000000000001 -0.226134770116283
0.725000000000001 -0.212780634129901
0.726000000000001 -0.199080175777285
0.727000000000001 -0.185027606669911
0.728000000000001 -0.170617060799313
0.729000000000001 -0.155842593655262
0.730000000000001 -0.140698181335335
0.731000000000001 -0.125177719645836
0.732000000000001 -0.109275023193958
0.733000000000001 -0.0929838244711668
0.734000000000001 -0.0762977729276722
0.735000000000001 -0.0592104340379677
0.736000000000001 -0.041715288357332
0.737000000000001 -0.023805730569224
0.738000000000001 -0.00547506852351609
0.739000000000001 0.0132834777345434
0.740000000000001 0.0324767769446833
0.741000000000001 0.0521117876213766
0.742000000000001 0.0721955590530759
0.743000000000001 0.0927352323110226
0.744000000000001 0.113738041267683
0.745000000000001 0.135211313624899
0.746000000000001 0.157162471951845
0.747000000000001 0.179599034732833
0.748000000000001 0.202528617425102
0.749000000000001 0.225958933526616
0.750000000000001 0.249897795653986
0.751000000000001 0.274353116630598
0.752000000000001 0.299332910585004
0.753000000000001 0.324845294059671
0.754000000000001 0.350898487130204
0.755000000000001 0.377500814535053
0.756000000000001 0.40466070681589
0.757000000000001 0.4323867014686
0.758000000000001 0.460687444105187
0.759000000000001 0.489571689626368
0.760000000000001 0.519048303405281
0.761000000000001 0.549126262482182
0.762000000000001 0.579814656770236
0.763000000000001 0.611122690272601
0.764000000000001 0.643059682310718
0.765000000000001 0.675635068764125
0.766000000000001 0.70885840332165
0.767000000000001 0.742739358744219
0.768000000000001 0.777287728139397
0.769000000000001 0.81251342624755
0.770000000000001 0.848426490739996
0.771000000000001 0.885037083529056
0.772000000000001 0.922355492090123
0.773000000000001 0.960392130795886
0.774000000000001 0.999157542262755
0.775000000000001 1.03866239870973
0.776000000000001 1.07891750332952
0.777000000000001 1.11993379167222
0.778000000000001 1.16172233304181
0.779000000000001 1.20429433190504
0.780000000000001 1.24766112931339
0.781000000000001 1.29183420433779
0.782000000000001 1.33682517551642
0.783000000000001 1.38264580231567
0.784000000000001 1.42930798660419
0.785000000000001 1.4768237741403
0.786000000000001 1.52520535607287
0.787000000000001 1.57446507045581
0.788000000000001 1.62461540377583
0.789000000000001 1.67566899249432
0.790000000000001 1.72763862460294
0.791000000000001 1.78053724119301
0.792000000000001 1.83437793803918
0.793000000000001 1.88917396719704
0.794000000000001 1.94493873861513
0.795000000000001 2.00168582176134
0.796000000000001 2.05942894726359
0.797000000000001 2.1181820085655
0.798000000000001 2.17795906359613
0.799000000000001 2.2387743364553
0.800000000000001 2.30064221911318
0.801000000000001 2.36357727312533
0.802000000000001 2.42759423136274
0.803000000000001 2.49270799975686
0.804000000000001 2.55893365906081
0.805000000000001 2.62628646662517
0.806000000000001 2.69478185818984
0.807000000000001 2.76443544969167
0.808000000000001 2.83526303908789
0.809000000000001 2.90728060819522
0.810000000000001 2.98050432454555
0.811000000000001 3.05495054325737
0.812000000000001 3.13063580892391
0.813000000000001 3.20757685751748
0.814000000000001 3.28579061831044
0.815000000000001 3.36529421581276
0.816000000000001 3.44610497172684
0.817000000000001 3.52824040691853
0.818000000000001 3.61171824340602
0.819000000000001 3.69655640636516
0.820000000000001 3.78277302615271
0.821000000000001 3.87038644034697
0.822000000000001 3.95941519580524
0.823000000000001 4.04987805074018
0.824000000000001 4.141793976813
0.825000000000001 4.2351821612452
0.826000000000001 4.33006200894809
0.827000000000001 4.42645314467072
0.828000000000001 4.52437541516617
0.829000000000001 4.62384889137597
0.830000000000001 4.72489387063419
0.831000000000001 4.82753087888855
0.832000000000001 4.93178067294236
0.833000000000001 5.03766424271416
0.834000000000001 5.14520281351697
0.835000000000001 5.25441784835701
0.836000000000001 5.36533105025164
0.837000000000001 5.47796436456716
0.838000000000001 5.59233998137592
0.839000000000001 5.70848033783384
0.840000000000001 5.82640812057747
0.841000000000001 5.94614626814145
0.842000000000001 6.06771797339657
0.843000000000001 6.19114668600776
0.844000000000001 6.31645611491303
0.845000000000001 6.44367023082283
0.846000000000001 6.57281326874094
0.847000000000001 6.70390973050577
0.848000000000001 6.83698438735288
0.849000000000001 6.97206228249985
0.850000000000001 7.10916873375111
0.851000000000001 7.24832933612545
0.852000000000001 7.38956996450551
0.853000000000001 7.53291677630815
0.854000000000001 7.67839621417812
0.855000000000001 7.82603500870349
0.856000000000001 7.97586018115313
0.857000000000001 8.12789904623778
0.858000000000001 8.28217921489302
0.859000000000001 8.43872859708511
0.860000000000001 8.59757540464089
0.861000000000001 8.75874815409985
0.862000000000001 8.9222756695898
0.863000000000001 9.08818708572695
0.864000000000001 9.25651185053815
0.865000000000001 9.42727972840935
0.866000000000001 9.60052080305499
0.867000000000001 9.77626548051489
0.868000000000001 9.95454449217303
0.869000000000001 10.1353888978024
0.870000000000001 10.318830088634
0.871000000000001 10.5048997904505
0.872000000000001 10.6936300667055
0.873000000000001 10.8850533216681
0.874000000000001 11.0792023035921
0.875000000000001 11.2761101079124
0.876000000000001 11.4758101804648
0.877000000000001 11.6783363207339
0.878000000000001 11.8837226851266
0.879000000000001 12.0920037902711
0.880000000000001 12.303214516343
0.881000000000001 12.5173901104185
0.882000000000001 12.734566189854
0.883000000000001 12.9547787456923
0.884000000000001 13.1780641460974
0.885000000000001 13.4044591398141
0.886000000000001 13.6340008596599
0.887000000000001 13.8667268260384
0.888000000000001 14.102674950487
0.889000000000001 14.3418835392471
0.890000000000001 14.5843912968682
0.891000000000001 14.8302373298355
0.892000000000001 15.0794611502297
0.893000000000001 15.3321026794143
0.894000000000001 15.5882022517521
0.895000000000001 15.8478006183508
0.896000000000001 16.1109389508409
0.897000000000001 16.3776588451775
0.898000000000001 16.6480023254787
0.899000000000001 16.9220118478891
0.900000000000001 17.1997303044759
0.901000000000001 17.4812010271568
0.902000000000001 17.7664677916544
0.903000000000001 18.0555748214864
0.904000000000001 18.3485667919839
0.905000000000001 18.6454888343417
0.906000000000001 18.9463865397009
0.907000000000001 19.2513059632632
0.908000000000001 19.5602936284362
0.909000000000001 19.873396531011
0.910000000000001 20.1906621433747
0.911000000000001 20.5121384187518
0.912000000000001 20.8378737954811
0.913000000000001 21.1679172013249
0.914000000000001 21.5023180578116
0.915000000000001 21.8411262846104
0.916000000000001 22.1843923039435
0.917000000000001 22.5321670450278
0.918000000000001 22.8845019485533
0.919000000000001 23.2414489711963
0.920000000000001 23.6030605901639
0.921000000000001 23.9693898077798
0.922000000000001 24.3404901560975
0.923000000000001 24.7164157015542
0.924000000000001 25.0972210496582
0.925000000000001 25.4829613497134
0.926000000000001 25.8736922995771
0.927000000000001 26.2694701504578
0.928000000000001 26.6703517117455
0.929000000000001 27.0763943558838
0.930000000000001 27.4876560232724
0.931000000000001 27.9041952272123
0.932000000000001 28.3260710588864
0.933000000000001 28.7533431923784
0.934000000000001 29.186071889727
0.935000000000001 29.6243180060232
0.936000000000001 30.0681429945408
0.937000000000001 30.51760891191
0.938000000000001 30.9727784233265
0.939000000000001 31.4337148078019
0.940000000000001 31.9004819634532
0.941000000000001 32.3731444128294
0.942000000000001 32.8517673082847
0.943000000000001 33.3364164373818
0.944000000000001 33.8271582283464
0.945000000000001 34.3240597555542
0.946000000000001 34.8271887450632
0.947000000000001 35.3366135801849
0.948000000000001 35.8524033071001
0.949000000000001 36.3746276405126
0.950000000000001 36.9033569693464
0.951000000000001 37.4386623624882
0.952000000000001 37.9806155745672
0.953000000000001 38.5292890517814
0.954000000000001 39.0847559377663
0.955000000000001 39.6470900795047
0.956000000000001 40.2163660332847
0.957000000000001 40.7926590706982
0.958000000000001 41.3760451846815
0.959000000000001 41.9666010956088
0.960000000000001 42.5644042574183
0.961000000000001 43.1695328637964
0.962000000000001 43.782065854395
0.963000000000001 44.4020829211048
0.964000000000001 45.029664514367
0.965000000000001 45.6648918495346
0.966000000000001 46.3078469132808
0.967000000000001 46.9586124700507
0.968000000000001 47.6172720685649
0.969000000000001 48.2839100483651
0.970000000000001 48.9586115464127
0.971000000000001 49.6414625037309
0.972000000000001 50.3325496720971
0.973000000000001 51.0319606207839
0.974000000000001 51.7397837433496
0.975000000000001 52.4561082644736
0.976000000000001 53.1810242468493
0.977000000000001 53.9146225981159
0.978000000000001 54.6569950778524
0.979000000000001 55.4082343046116
0.980000000000001 56.1684337630107
0.981000000000001 56.937687810871
0.982000000000001 57.716091686407
0.983000000000001 58.5037415154744
0.984000000000001 59.3007343188586
0.985000000000001 60.1071680196251
0.986000000000001 60.9231414505178
0.987000000000001 61.7487543614138
0.988000000000001 62.5841074268267
0.989000000000001 63.4293022534644
0.990000000000001 64.2844413878435
0.991000000000001 65.1496283239605
0.992000000000001 66.0249675110057
0.993000000000001 66.9105643611493
0.994000000000001 67.8065252573603
0.995000000000001 68.712957561308
0.996000000000001 69.6299696212955
0.997000000000001 70.5576707802626
0.998000000000001 71.4961713838393
0.999000000000001 72.4455827884624
1 73.4060173695439
1.001 74.3775885296947
1.002 75.3604107070165
1.003 76.3545993834411
1.004 77.3602710931327
1.005 78.3775434309541
1.006 79.4065350609789
1.007 80.4473657250811
1.008 81.5001562515664
1.009 82.5650285638814
1.01 83.6421056893686
1.011 84.7315117680916
1.012 85.8333720617209
1.013 86.9478129624743
1.014 88.0749620021332
1.015 89.214947861105
1.016 90.3679003775608
1.017 91.5339505566356
1.018 92.7132305796807
1.019 93.9058738135971
1.02 95.1120148202186
1.021 96.3317893657713
1.022 97.5653344303853
1.023 98.8127882176878
1.024 100.074290164452
1.025 101.349980950305
1.026 102.64000250753
1.027 103.944498030904
1.028 105.263611987615
1.029 106.597490127262
1.03 107.946279491897
1.031 109.310128426157
1.032 110.689186587451
1.033 112.083604956229
1.034 113.493535846312
1.035 114.919132915293
1.036 116.360551175013
1.037 117.817947002106
1.038 119.291478148617
1.039 120.781303752684
1.04 122.287584349312
1.041 123.810481881195
1.042 125.350159709625
1.043 126.906782625482
1.044 128.480516860277
1.045 130.071530097295
1.046 131.679991482786
1.047 133.306071637255
1.048 134.949942666815
1.049 136.611778174619
1.05 138.291753272373
1.051 139.990044591912
1.05199999999999 141.706830296878
1.05299999999999 143.442290094458
1.05399999999999 145.196605247187
1.05499999999999 146.969958584878
1.05599999999999 148.762534516586
1.05699999999999 150.574519042654
1.05799999999999 152.406099766873
1.05899999999999 154.257465908698
1.05999999999999 156.128808315534
1.06099999999999 158.020319475139
1.06199999999999 159.932193528086
1.06299999999999 161.864626280285
1.06399999999999 163.817815215659
1.06499999999999 165.791959508818
1.06599999999999 167.78726003788
1.06699999999999 169.803919397342
1.06799999999999 171.842141911071
1.06899999999999 173.902133645315
1.06999999999999 175.984102421893
1.07099999999999 178.088257831381
1.07199999999999 180.214811246446
1.07299999999999 182.363975835249
1.07399999999999 184.535966574912
1.07499999999999 186.731000265119
1.07599999999999 188.94929554177
1.07699999999999 191.191072890737
1.07799999999999 193.456554661708
1.07899999999999 195.745965082131
1.07999999999999 198.059530271225
1.08099999999999 200.397478254122
1.08199999999999 202.760038976047
1.08299999999999 205.147444316645
1.08399999999999 207.559928104371
1.08499999999999 209.997726130957
1.08599999999999 212.461076166033
1.08699999999999 214.950217971778
1.08799999999999 217.465393317691
1.08899999999999 220.006845995477
1.08999999999999 222.574821833996
1.09099999999999 225.169568714332
1.09199999999999 227.791336584947
1.09299999999999 230.44037747694
1.09399999999999 233.116945519385
1.09499999999999 235.82129695482
1.09599999999999 238.553690154762
1.09699999999999 241.314385635373
1.09799999999999 244.103646073222
1.09899999999999 246.92173632113
1.09999999999999 249.768923424105
1.10099999999999 252.645476635445
1.10199999999999 255.551667432855
1.10299999999999 258.487769534739
1.10399999999999 261.454058916536
1.10499999999999 264.450813827231
1.10599999999999 267.478314805896
1.10699999999999 270.536844698387
1.10799999999999 273.626688674131
1.10899999999999 276.748134243018
1.10999999999999 279.901471272409
1.11099999999999 283.086992004238
1.11199999999999 286.304991072222
1.11299999999999 289.55576551922
1.11399999999999 292.839614814611
1.11499999999999 296.156840871912
1.11599999999999 299.507748066381
1.11699999999999 302.892643252815
1.11799999999999 306.311835783397
1.11899999999999 309.76563752574
1.11999999999999 313.254362880947
1.12099999999999 316.778328801849
1.12199999999999 320.337854811346
1.12299999999999 323.933263020864
1.12399999999999 327.564878148868
1.12499999999999 331.233027539615
1.12599999999999 334.938041181904
1.12699999999999 338.680251728012
1.12799999999999 342.459994512722
1.12899999999999 346.277607572466
1.12999999999999 350.133431664629
1.13099999999999 354.027810286891
1.13199999999999 357.961089696779
1.13299999999999 361.93361893131
1.13399999999999 365.945749826693
1.13499999999999 369.997837038253
1.13599999999999 374.090238060443
1.13699999999999 378.223313246909
1.13799999999999 382.397425830812
1.13899999999999 386.612941945148
1.13999999999999 390.870230643293
1.14099999999999 395.169663919593
1.14199999999999 399.511616730135
1.14299999999998 403.896467013643
1.14399999999998 408.324595712483
1.14499999999998 412.796386793779
1.14599999999998 417.312227270703
1.14699999999998 421.872507223901
1.14799999999998 426.477619822991
1.14899999999998 431.127961348232
1.14999999999998 435.823931212328
1.15099999999998 440.565931982377
1.15199999999998 445.354369401888
1.15299999999998 450.189652413046
1.15399999999998 455.072193178972
1.15499999999998 460.002407106266
1.15599999999998 464.980712867578
1.15699999999998 470.00753242435
1.15799999999998 475.083291049703
1.15899999999998 480.208417351491
1.15999999999998 485.383343295426
1.16099999999998 490.60850422838
1.16199999999998 495.884338901887
1.16299999999998 501.211289495631
1.16399999999998 506.589801641283
1.16499999999998 512.0203244463
1.16599999999998 517.50331051797
1.16699999999998 523.039215987554
1.16799999999998 528.628500534638
1.16899999999998 534.271627411538
1.16999999999998 539.969063467929
1.17099999999998 545.721279175568
1.17199999999998 551.528748653253
1.17299999999998 557.391949691782
1.17399999999998 563.31136377922
1.17499999999998 569.287476126227
1.17599999999998 575.320775691538
1.17699999999998 581.41175520765
1.17799999999998 587.560911206609
1.17899999999998 593.768744045969
1.17999999999998 600.035757934912
1.18099999999998 606.362460960521
1.18199999999998 612.749365114213
1.18299999999998 619.196986318313
1.18399999999998 625.705844452774
1.18499999999998 632.276463382161
1.18599999999998 638.909370982594
1.18699999999998 645.605099169083
1.18799999999998 652.364183922841
1.18899999999998 659.187165318846
1.18999999999998 666.074587553566
1.19099999999998 673.026998972812
1.19199999999998 680.044952099788
1.19299999999998 687.129003663278
1.19399999999998 694.279714626034
1.19499999999998 701.497650213308
1.19599999999998 708.783379941536
1.19699999999998 716.137477647236
1.19799999999998 723.560521516037
1.19899999999998 731.0530941119
1.19999999999998 738.615782406504
1.20099999999998 746.249177808775
1.20199999999998 753.953876194651
1.20299999999998 761.730477936988
1.20399999999998 769.579587935591
1.20499999999998 777.501815647526
1.20599999999998 785.497775117521
1.20699999999998 793.568085008556
1.20799999999998 801.713368632716
1.20899999999998 809.934253982084
1.20999999999998 818.231373759918
1.21099999999998 826.605365411995
1.21199999999998 835.05687115809
1.21299999999998 843.586538023684
1.21399999999998 852.195017871846
1.21499999999998 860.882967435283
1.21599999999998 869.651048348584
1.21699999999998 878.499927180678
1.21799999999998 887.430275467398
1.21899999999998 896.442769744338
1.21999999999998 905.538091579903
1.22099999999998 914.716927608327
1.22199999999998 923.979969563232
1.22299999999998 933.327914311113
1.22399999999998 942.761463885128
1.22499999999998 952.281325519002
1.22599999999998 961.888211681267
1.22699999999998 971.582840109581
1.22799999999998 981.365933845198
1.22899999999998 991.238221267844
1.22999999999998 1001.20043613057
1.23099999999998 1011.25331759492
1.23199999999998 1021.39761026626
1.23299999999998 1031.63406422936
1.23399999999997 1041.9634350841
1.23499999999997 1052.38648398145
1.23599999999997 1062.90397765966
1.23699999999997 1073.51668848052
1.23799999999997 1084.225394466
1.23899999999997 1095.03087933506
1.23999999999997 1105.93393254059
1.24099999999997 1116.93534930656
1.24199999999997 1128.03593066553
1.24299999999997 1139.23648349621
1.24399999999997 1150.53782056126
1.24499999999997 1161.94076054542
1.24599999999997 1173.44612809368
1.24699999999997 1185.05475384984
1.24799999999997 1196.76747449513
1.24899999999997 1208.58513278718
1.24999999999997 1220.50857759911
1.25099999999997 1232.53866395887
1.25199999999997 1244.67625308888
1.25299999999997 1256.92221244576
1.25399999999997 1269.27741576035
1.25499999999997 1281.74274307798
1.25599999999997 1294.31908079895
1.25699999999997 1307.00732171917
1.25799999999997 1319.80836507109
1.25899999999997 1332.72311656495
1.25999999999997 1345.75248842998
1.26099999999997 1358.89739945618
1.26199999999997 1372.15877503609
1.26299999999997 1385.53754720684
1.26399999999997 1399.0346546925
1.26499999999997 1412.65104294664
1.26599999999997 1426.38766419509
1.26699999999997 1440.24547747892
1.26799999999997 1454.22544869778
1.26899999999997 1468.32855065331
1.26999999999997 1482.55576309301
1.27099999999997 1496.90807275406
1.27199999999997 1511.38647340766
1.27299999999997 1525.99196590346
1.27399999999997 1540.72555821427
1.27499999999997 1555.58826548105
1.27599999999997 1570.58111005811
1.27699999999997 1585.70512155852
1.27799999999997 1600.96133689989
1.27899999999997 1616.35080035031
1.27999999999997 1631.87456357455
1.28099999999997 1647.53368568054
1.28199999999997 1663.32923326606
1.28299999999997 1679.26228046581
1.28399999999997 1695.33390899853
1.28499999999997 1711.54520821454
1.28599999999997 1727.89727514354
1.28699999999997 1744.3912145426
1.28799999999997 1761.02813894437
1.28899999999997 1777.80916870578
1.28999999999997 1794.73543205663
1.29099999999997 1811.80806514887
1.29199999999997 1829.02821210584
1.29299999999997 1846.39702507189
1.29399999999997 1863.91566426223
1.29499999999997 1881.5852980131
1.29599999999997 1899.40710283229
1.29699999999997 1917.38226344966
1.29799999999997 1935.51197286828
1.29899999999997 1953.79743241546
1.29999999999997 1972.23985179459
1.30099999999997 1990.84044913662
1.30199999999997 2009.6004510523
1.30299999999997 2028.52109268459
1.30399999999997 2047.60361776128
1.30499999999997 2066.84927864774
1.30599999999997 2086.2593364004
1.30699999999997 2105.83506082016
1.30799999999997 2125.57773050592
1.30899999999997 2145.48863290924
1.30999999999997 2165.56906438809
1.31099999999997 2185.82033026186
1.31199999999997 2206.24374486633
1.31299999999997 2226.84063160868
1.31399999999997 2247.61232302329
1.31499999999997 2268.56016082743
1.31599999999997 2289.68549597743
1.31699999999997 2310.98968872514
1.31799999999997 2332.47410867469
1.31899999999997 2354.14013483948
1.31999999999997 2375.98915569956
1.32099999999997 2398.02256925938
1.32199999999997 2420.24178310542
1.32299999999997 2442.64821446497
1.32399999999996 2465.2432902642
1.32499999999996 2488.02844718747
1.32599999999996 2511.00513173617
1.32699999999996 2534.17480028853
1.32799999999996 2557.53891915928
1.32899999999996 2581.0989646599
1.32999999999996 2604.85642315889
1.33099999999996 2628.81279114292
1.33199999999996 2652.96957527756
1.33299999999996 2677.32829246888
1.33399999999996 2701.89046992526
1.33499999999996 2726.6576452193
1.33599999999996 2751.63136635047
1.33699999999996 2776.81319180761
1.33799999999996 2802.20469063202
1.33899999999996 2827.80744248099
1.33999999999996 2853.62303769152
1.34099999999996 2879.65307734428
1.34199999999996 2905.89917332796
1.34299999999996 2932.36294840415
1.34399999999996 2959.04603627244
1.34499999999996 2985.95008163567
1.34599999999996 3013.07674026577
1.34699999999996 3040.42767906993
1.34799999999996 3068.00457615694
1.34899999999996 3095.80912090396
1.34999999999996 3123.84301402378
1.35099999999996 3152.1079676323
1.35199999999996 3180.60570531622
1.35299999999996 3209.33796220142
1.35399999999996 3238.30648502136
1.35499999999996 3267.51303218609
1.35599999999996 3296.95937385145
1.35699999999996 3326.64729198872
1.35799999999996 3356.57858045454
1.35899999999996 3386.75504506139
1.35999999999996 3417.17850364809
1.36099999999996 3447.85078615113
1.36199999999996 3478.77373467591
1.36299999999996 3509.94920356856
1.36399999999996 3541.37905948823
1.36499999999996 3573.0651814796
1.36599999999996 3605.00946104573
1.36699999999996 3637.21380222142
1.36799999999996 3669.68012164685
1.36899999999996 3702.41034864182
1.36999999999996 3735.40642527982
1.37099999999996 3768.67030646322
1.37199999999996 3802.20395999825
1.37299999999996 3836.00936667055
1.37399999999996 3870.08852032139
1.37499999999996 3904.44342792388
1.37599999999996 3939.07610965961
1.37699999999996 3973.98859899595
1.37799999999996 4009.18294276349
1.37899999999996 4044.66120123429
1.37999999999996 4080.42544819955
1.38099999999996 4116.47777104901
1.38199999999996 4152.82027084978
1.38299999999996 4189.4550624258
1.38399999999996 4226.38427443794
1.38499999999996 4263.6100494644
1.38599999999996 4301.13454408104
1.38699999999996 4338.9599289432
1.38799999999996 4377.0883888667
1.38899999999996 4415.52212290995
1.38999999999996 4454.26334445672
1.39099999999996 4493.31428129849
1.39199999999996 4532.67717571796
1.39299999999996 4572.35428457251
1.39399999999996 4612.34787937855
1.39499999999996 4652.66024639558
1.39599999999996 4693.29368671164
1.39699999999996 4734.25051632842
1.39799999999996 4775.53306624688
1.39899999999996 4817.14368255369
1.39999999999996 4859.08472650786
1.40099999999996 4901.35857462782
1.40199999999996 4943.96761877868
1.40299999999996 4986.91426626068
1.40399999999996 5030.20093989701
1.40499999999996 5073.83007812329
1.40599999999996 5117.80413507639
1.40699999999996 5162.12558068422
1.40799999999996 5206.79690075596
1.40899999999996 5251.82059707303
1.40999999999996 5297.19918747944
1.41099999999996 5342.93520597402
1.41199999999996 5389.03120280217
1.41299999999996 5435.48974454805
1.41399999999996 5482.31341422794
1.41499999999995 5529.50481138333
1.41599999999995 5577.06655217496
1.41699999999995 5625.00126947657
1.41799999999995 5673.31161297069
1.41899999999995 5722.00024924281
1.41999999999995 5771.06986187792
1.42099999999995 5820.52315155575
1.42199999999995 5870.36283614879
1.42299999999995 5920.59165081812
1.42399999999995 5971.21234811179
1.42499999999995 6022.22769806258
1.42599999999995 6073.64048828669
1.42699999999995 6125.45352408315
1.42799999999995 6177.66962853252
1.42899999999995 6230.2916425979
1.42999999999995 6283.32242522475
1.43099999999995 6336.7648534423
1.43199999999995 6390.62182246519
1.43299999999995 6444.89624579492
1.43399999999995 6499.59105532329
1.43499999999995 6554.70920143429
1.43599999999995 6610.2536531086
1.43699999999995 6666.22739802732
1.43799999999995 6722.63344267622
1.43899999999995 6779.47481245139
1.43999999999995 6836.75455176434
1.44099999999995 6894.47572414797
1.44199999999995 6952.64141236396
1.44299999999995 7011.25471850909
1.44399999999995 7070.31876412308
1.44499999999995 7129.83669029728
1.44599999999995 7189.81165778234
1.44699999999995 7250.24684709871
1.44799999999995 7311.14545864532
1.44899999999995 7372.51071281046
1.44999999999995 7434.34585008221
1.45099999999995 7496.65413116072
1.45199999999995 7559.43883706841
1.45299999999995 7622.70326926426
1.45399999999995 7686.45074975568
1.45499999999995 7750.68462121206
1.45599999999995 7815.40824707967
1.45699999999995 7880.62501169533
1.45799999999995 7946.33832040209
1.45899999999995 8012.55159966499
1.45999999999995 8079.26829718756
1.46099999999995 8146.49188202761
1.46199999999995 8214.22584471598
1.46299999999995 8282.47369737395
1.46399999999995 8351.23897383148
1.46499999999995 8420.52522974728
1.46599999999995 8490.3360427271
1.46699999999995 8560.67501244551
1.46799999999995 8631.5457607652
1.46899999999995 8702.95193185995
1.46999999999995 8774.89719233567
1.47099999999995 8847.38523135302
1.47199999999995 8920.41976075065
1.47299999999995 8994.00451516964
1.47399999999995 9068.14325217677
1.47499999999995 9142.83975239011
1.47599999999995 9218.09781960433
1.47699999999995 9293.92128091727
1.47799999999995 9370.31398685574
1.47899999999995 9447.27981150411
1.47999999999995 9524.82265263087
1.48099999999995 9602.94643181835
1.48199999999995 9681.6550945913
1.48299999999995 9760.95261054702
1.48399999999995 9840.84297348479
1.48499999999995 9921.33020153846
1.48599999999995 10002.4183373066
1.48699999999995 10084.1114479856
1.48799999999995 10166.413625502
1.48899999999995 10249.3289866467
1.48999999999995 10332.8616732088
1.49099999999995 10417.0158521089
1.49199999999995 10501.7957155376
1.49299999999995 10587.2054810887
1.49399999999995 10673.2493918971
1.49499999999995 10759.9317167758
1.49599999999995 10847.2567503546
1.49699999999995 10935.2288132174
1.49799999999995 11023.8522520424
1.49899999999995 11113.131439742
1.49999999999995 11203.0707756028
1.50099999999995 11293.6746854279
1.50199999999995 11384.9476216769
1.50299999999995 11476.8940636103
1.50399999999995 11569.5185174323
1.50499999999995 11662.825516434
1.50599999999994 11756.8196211384
1.50699999999994 11851.5054194457
1.50799999999994 11946.8875267794
1.50899999999994 12042.970586232
1.50999999999994 12139.7592687133
1.51099999999994 12237.2582730982
1.51199999999994 12335.4723263746
1.51299999999994 12434.4061837934
1.51399999999994 12534.0646290186
1.51499999999994 12634.4524742775
1.51599999999994 12735.5745605125
1.51699999999994 12837.4357575332
1.51799999999994 12940.0409641692
1.51899999999994 13043.3951084238
1.51999999999994 13147.5031476273
1.52099999999994 13252.3700685939
1.52199999999994 13358.0008877752
1.52299999999994 13464.4006514183
1.52399999999994 13571.574435722
1.52499999999994 13679.5273469946
1.52599999999994 13788.2645218133
1.52699999999994 13897.7911271824
1.52799999999994 14008.1123606939
1.52899999999994 14119.2334506893
1.52999999999994 14231.1596564184
1.53099999999994 14343.8962682043
1.53199999999994 14457.4486076054
1.53299999999994 14571.8220275786
1.53399999999994 14687.0219126441
1.53499999999994 14803.0536790511
1.53599999999994 14919.9227749435
1.53699999999994 15037.6346805267
1.53799999999994 15156.194908235
1.53899999999994 15275.6090028999
1.53999999999994 15395.882541919
1.54099999999994 15517.0211354264
1.54199999999994 15639.0304264633
1.54299999999994 15761.9160911479
1.54399999999994 15885.68383885
1.54499999999994 16010.3394123617
1.54599999999994 16135.8885880727
1.54699999999994 16262.3371761433
1.54799999999994 16389.6910206821
1.54899999999994 16517.9559999188
1.54999999999994 16647.1380263847
1.55099999999994 16777.2430470867
1.55199999999994 16908.2770436901
1.55299999999994 17040.2460326934
1.55399999999994 17173.1560656113
1.55499999999994 17307.0132291557
1.55599999999994 17441.823645416
1.55699999999994 17577.5934720421
1.55799999999994 17714.3289024289
1.55899999999994 17852.0361658992
1.55999999999994 17990.7215278897
1.56099999999994 18130.3912901357
1.56199999999994 18271.0517908599
1.56299999999994 18412.7094049574
1.56399999999994 18555.3705441862
1.56499999999994 18699.041657356
1.56599999999994 18843.7292305167
1.56699999999994 18989.4397871525
1.56799999999994 19136.1798883707
1.56899999999994 19283.9561330954
1.56999999999994 19432.7751582624
1.57099999999994 19582.6436390116
1.57199999999994 19733.5682888828
1.57299999999994 19885.5558600135
1.57399999999994 20038.6131433331
1.57499999999994 20192.7469687637
1.57599999999994 20347.9642054164
1.57699999999994 20504.2717617933
1.57799999999994 20661.6765859852
1.57899999999994 20820.1856658765
1.57999999999994 20979.8060293446
1.58099999999994 21140.5447444647
1.58199999999994 21302.4089197142
1.58299999999994 21465.4057041759
1.58399999999994 21629.5422877467
1.58499999999994 21794.8259013421
1.58599999999994 21961.2638171052
1.58699999999994 22128.8633486153
1.58799999999994 22297.6318510969
1.58899999999994 22467.5767216318
1.58999999999994 22638.7053993688
1.59099999999994 22811.0253657373
1.59199999999994 22984.5441446604
1.59299999999994 23159.2693027691
1.59399999999994 23335.2084496171
1.59499999999994 23512.3692378987
1.59599999999994 23690.7593636639
1.59699999999993 23870.3865665382
1.59799999999993 24051.2586299394
1.59899999999993 24233.3833813021
1.59999999999993 24416.7686922928
1.60099999999993 24601.4224790363
1.60199999999993 24787.3527023372
1.60299999999993 24974.567367904
1.60399999999993 25163.0745265736
1.60499999999993 25352.8822745375
1.60599999999993 25543.9987535686
1.60699999999993 25736.4321512501
1.60799999999993 25930.1907012022
1.60899999999993 26125.2826833142
1.60999999999993 26321.7164239743
1.61099999999993 26519.5002963008
1.61199999999993 26718.6427203769
1.61299999999993 26919.1521634835
1.61399999999993 27121.037140333
1.61499999999993 27324.3062133079
1.61599999999993 27528.9679926957
1.61699999999993 27735.0311369272
1.61799999999993 27942.5043528165
1.61899999999993 28151.3963958002
1.61999999999993 28361.7160701788
1.62099999999993 28573.4722293592
1.62199999999993 28786.6737760978
1.62299999999993 29001.3296627429
1.62399999999993 29217.4488914839
1.62499999999993 29435.0405145947
1.62599999999993 29654.1136346818
1.62699999999993 29874.6774049329
1.62799999999993 30096.7410293667
1.62899999999993 30320.3137630842
1.62999999999993 30545.4049125185
1.63099999999993 30772.0238356899
1.63199999999993 31000.1799424585
1.63299999999993 31229.8826947798
1.63399999999993 31461.14160696
1.63499999999993 31693.9662459143
1.63599999999993 31928.3662314248
1.63699999999993 32164.3512363998
1.63799999999993 32401.9309871335
1.63899999999993 32641.1152635695
1.63999999999993 32881.9138995637
1.64099999999993 33124.3367831451
1.64199999999993 33368.3938567841
1.64299999999993 33614.095117658
1.64399999999993 33861.4506179166
1.64499999999993 34110.4704649527
1.64599999999993 34361.1648216711
1.64699999999993 34613.5439067577
1.64799999999993 34867.6179949558
1.64899999999993 35123.3974173328
1.64999999999993 35380.8925615613
1.65099999999993 35640.1138721867
1.65199999999993 35901.0718509136
1.65299999999993 36163.7770568743
1.65399999999993 36428.2401069117
1.65499999999993 36694.4716758611
1.65599999999993 36962.4824968288
1.65699999999993 37232.2833614742
1.65799999999993 37503.8851202968
1.65899999999993 37777.298682918
1.65999999999993 38052.535018368
1.66099999999993 38329.6051553736
1.66199999999993 38608.5201826465
1.66299999999993 38889.2912491737
1.66399999999993 39171.9295645058
1.66499999999993 39456.4463990536
1.66599999999993 39742.8530843779
1.66699999999993 40031.1610134845
1.66799999999993 40321.3816411232
1.66899999999993 40613.52648408
1.66999999999993 40907.6071214817
1.67099999999993 41203.6351950883
1.67199999999993 41501.6224096
1.67299999999993 41801.5805329571
1.67399999999993 42103.521396643
1.67499999999993 42407.4568959882
1.67599999999993 42713.3989904801
1.67699999999993 43021.3597040657
1.67799999999993 43331.351125462
1.67899999999993 43643.3854084669
1.67999999999993 43957.4747722693
1.68099999999993 44273.6315017616
1.68199999999993 44591.8679478536
1.68299999999993 44912.1965277875
1.68399999999993 45234.6297254537
1.68499999999993 45559.1800917108
1.68599999999993 45885.860244701
1.68699999999993 46214.6828701747
1.68799999999992 46545.6607218075
1.68899999999992 46878.8066215275
1.68999999999992 47214.1334598371
1.69099999999992 47551.6541961396
1.69199999999992 47891.3818590662
1.69299999999992 48233.3295468047
1.69399999999992 48577.5104274278
1.69499999999992 48923.9377392276
1.69599999999992 49272.6247910446
1.69699999999992 49623.5849626014
1.69799999999992 49976.8317048435
1.69899999999992 50332.3785402701
1.69999999999992 50690.2390632736
1.70099999999992 51050.42694048
1.70199999999992 51412.9559110883
1.70299999999992 51777.8397872177
1.70399999999992 52145.0924542448
1.70499999999992 52514.7278711501
1.70599999999992 52886.7600708685
1.70699999999992 53261.2031606332
1.70799999999992 53638.0713223268
1.70899999999992 54017.3788128318
1.70999999999992 54399.1399643829
1.71099999999992 54783.3691849215
1.71199999999992 55170.0809584482
1.71299999999992 55559.2898453832
1.71399999999992 55951.0104829217
1.71499999999992 56345.2575853938
1.71599999999992 56742.0459446258
1.71699999999992 57141.390430304
1.71799999999992 57543.3059903365
1.71899999999992 57947.8076512227
1.71999999999992 58354.9105184111
1.72099999999992 58764.6297766783
1.72199999999992 59176.9806904958
1.72299999999992 59591.9786043964
1.72399999999992 60009.6389433537
1.72499999999992 60429.9772131547
1.72599999999992 60853.0090007706
1.72699999999992 61278.7499747437
1.72799999999992 61707.2158855615
1.72899999999992 62138.4225660336
1.72999999999992 62572.3859316802
1.73099999999992 63009.1219811151
1.73199999999992 63448.6467964269
1.73299999999992 63890.9765435687
1.73399999999992 64336.1274727462
1.73499999999992 64784.1159188098
1.73599999999992 65234.9583016402
1.73699999999992 65688.6711265476
1.73799999999992 66145.2709846636
1.73899999999992 66604.7745533403
1.73999999999992 67067.1985965412
1.74099999999992 67532.5599652509
1.74199999999992 68000.8755978675
1.74299999999992 68472.1625206109
1.74399999999992 68946.4378479243
1.74499999999992 69423.7187828804
1.74599999999992 69904.0226175906
1.74699999999992 70387.366733614
1.74799999999992 70873.7686023686
1.74899999999992 71363.2457855399
1.74999999999992 71855.8159355001
1.75099999999992 72351.4967957244
1.75199999999992 72850.3062012038
1.75299999999992 73352.2620788663
1.75399999999992 73857.3824480043
1.75499999999992 74365.6854206831
1.75599999999992 74877.1892021795
1.75699999999992 75391.9120914012
1.75799999999992 75909.872481315
1.75899999999992 76431.0888593749
1.75999999999992 76955.5798079548
1.76099999999992 77483.3640047848
1.76199999999992 78014.4602233797
1.76299999999992 78548.8873334781
1.76399999999992 79086.6643014805
1.76499999999992 79627.8101908905
1.76599999999992 80172.3441627511
1.76699999999992 80720.285476096
1.76799999999992 81271.6534883886
1.76899999999992 81826.4676559697
1.76999999999992 82384.7475345076
1.77099999999992 82946.5127794496
1.77199999999992 83511.783146469
1.77299999999992 84080.578491928
1.77399999999992 84652.9187733205
1.77499999999992 85228.824049744
1.77599999999992 85808.3144823494
1.77699999999992 86391.4103348026
1.77799999999991 86978.1319737539
1.77899999999991 87568.4998692992
1.77999999999991 88162.534595441
1.78099999999991 88760.2568305663
1.78199999999991 89361.6873579145
1.78299999999991 89966.8470660432
1.78399999999991 90575.7569493085
1.78499999999991 91188.4381083446
1.78599999999991 91804.9117505276
1.78699999999991 92425.1991904737
1.78799999999991 93049.321850502
1.78899999999991 93677.3012611365
1.78999999999991 94309.1590615737
1.79099999999991 94944.9170001839
1.79199999999991 95584.5969349928
1.79299999999991 96228.2208341733
1.79399999999991 96875.8107765422
1.79499999999991 97527.3889520553
1.79599999999991 98182.9776622936
1.79699999999991 98842.5993209796
1.79799999999991 99506.2764544617
1.79899999999991 100174.031702228
1.79999999999991 100845.887817408
1.80099999999991 101521.867667271
1.80199999999991 102201.994233753
1.80299999999991 102886.29061395
1.80399999999991 103574.780020637
1.80499999999991 104267.48578278
1.80599999999991 104964.431346065
1.80699999999991 105665.640273398
1.80799999999991 106371.136245439
1.80899999999991 107080.943061116
1.80999999999991 107795.084638158
1.81099999999991 108513.585013615
1.81199999999991 109236.468344391
1.81299999999991 109963.758907773
1.81399999999991 110695.481101961
1.81499999999991 111431.659446613
1.81599999999991 112172.318583368
1.81699999999991 112917.483276394
1.81799999999991 113667.178412928
1.81899999999991 114421.429003819
1.81999999999991 115180.260184074
1.82099999999991 115943.697213397
1.82199999999991 116711.765476758
1.82299999999991 117484.490484923
1.82399999999991 118261.89787502
1.82499999999991 119044.01341109
1.82599999999991 119830.862984653
1.82699999999991 120622.472615258
1.82799999999991 121418.868451055
1.82899999999991 122220.076769345
1.82999999999991 123026.123977166
1.83099999999991 123837.036611844
1.83199999999991 124652.841341582
1.83299999999991 125473.564966013
1.83399999999991 126299.234416793
1.83499999999991 127129.876758169
1.83599999999991 127965.519187555
1.83699999999991 128806.189036135
1.83799999999991 129651.913769422
1.83899999999991 130502.720987855
1.83999999999991 131358.638427391
1.84099999999991 132219.693960096
1.84199999999991 133085.915594728
1.84299999999991 133957.331477344
1.84399999999991 134833.969891895
1.84499999999991 135715.859260823
1.84599999999991 136603.028145663
1.84699999999991 137495.505247653
1.84799999999991 138393.319408336
1.84899999999991 139296.499610172
1.84999999999991 140205.074977148
1.85099999999991 141119.074775392
1.85199999999991 142038.528413787
1.85299999999991 142963.465444599
1.85399999999991 143893.915564086
1.85499999999991 144829.908613127
1.85599999999991 145771.474577848
1.85699999999991 146718.643590243
1.85799999999991 147671.445928822
1.85899999999991 148629.912019223
1.85999999999991 149594.072434857
1.86099999999991 150563.957897547
1.86199999999991 151539.599278166
1.86299999999991 152521.027597273
1.86399999999991 153508.274025777
1.86499999999991 154501.369885554
1.86599999999991 155500.346650123
1.86699999999991 156505.235945288
1.86799999999991 157516.069549793
1.8689999999999 158532.879395976
1.8699999999999 159555.697570434
1.8709999999999 160584.556314682
1.8719999999999 161619.488025815
1.8729999999999 162660.525257184
1.8739999999999 163707.700719055
1.8749999999999 164761.047279284
1.8759999999999 165820.597963995
1.8769999999999 166886.385958252
1.8779999999999 167958.444606742
1.8789999999999 169036.807414455
1.8799999999999 170121.508047374
1.8809999999999 171212.580333149
1.8819999999999 172310.058261804
1.8829999999999 173413.975986417
1.8839999999999 174524.367823812
1.8849999999999 175641.268255275
1.8859999999999 176764.711927235
1.8869999999999 177894.733651969
1.8879999999999 179031.368408321
1.8889999999999 180174.651342395
1.8899999999999 181324.617768273
1.8909999999999 182481.303168723
1.8919999999999 183644.743195927
1.8929999999999 184814.973672176
1.8939999999999 185992.030590617
1.8949999999999 187175.950115961
1.8959999999999 188366.768585214
1.8969999999999 189564.522508408
1.8979999999999 190769.248569331
1.8989999999999 191980.983626254
1.8999999999999 193199.764712687
1.9009999999999 194425.629038097
1.9019999999999 195658.613988672
1.9029999999999 196898.757128047
1.9039999999999 198146.096198064
1.9049999999999 199400.669119517
1.9059999999999 200662.513992917
1.9069999999999 201931.669099237
1.9079999999999 203208.172900665
1.9089999999999 204492.064041389
1.9099999999999 205783.381348349
1.9109999999999 207082.163831988
1.9119999999999 208388.450687054
1.9129999999999 209702.281293355
1.9139999999999 211023.695216538
1.9149999999999 212352.732208861
1.9159999999999 213689.432209999
1.9169999999999 215033.835347796
1.9179999999999 216385.981939083
1.9189999999999 217745.912490438
1.9199999999999 219113.667699005
1.9209999999999 220489.288453291
1.9219999999999 221872.815833934
1.9229999999999 223264.291114542
1.9239999999999 224663.75576248
1.9249999999999 226071.251439678
1.9259999999999 227486.820003444
1.9269999999999 228910.503507282
1.9279999999999 230342.344201699
1.9289999999999 231782.384535048
1.9299999999999 233230.667154308
1.9309999999999 234687.234905955
1.9319999999999 236152.130836773
1.9329999999999 237625.398194669
1.9339999999999 239107.080429536
1.9349999999999 240597.221194077
1.9359999999999 242095.864344643
1.9369999999999 243603.05394209
1.9379999999999 245118.834252603
1.9389999999999 246643.249748583
1.9399999999999 248176.345109446
1.9409999999999 249718.165222541
1.9419999999999 251268.755183969
1.9429999999999 252828.160299442
1.9439999999999 254396.426085189
1.9449999999999 255973.598268777
1.9459999999999 257559.722790006
1.9469999999999 259154.845801795
1.9479999999999 260759.01367104
1.9489999999999 262372.272979501
1.9499999999999 263994.670524686
1.9509999999999 265626.25332075
1.9519999999999 267267.068599363
1.9529999999999 268917.163810629
1.9539999999999 270576.586623977
1.9549999999999 272245.384929036
1.9559999999999 273923.606836577
1.9569999999999 275611.300679402
1.9579999999999 277308.515013242
1.9589999999999 279015.298617697
1.95999999999989 280731.700497128
1.96099999999989 282457.769881603
1.96199999999989 284193.556227777
1.96299999999989 285939.109219884
1.96399999999989 287694.478770604
1.96499999999989 289459.715022023
1.96599999999989 291234.868346596
1.96699999999989 293019.989348014
1.96799999999989 294815.12886224
1.96899999999989 296620.337958377
1.96999999999989 298435.667939665
1.97099999999989 300261.170344418
1.97199999999989 302096.896946983
1.97299999999989 303942.899758692
1.97399999999989 305799.231028837
1.97499999999989 307665.943245643
1.97599999999989 309543.089137216
1.97699999999989 311430.721672537
1.97799999999989 313328.894062436
1.97899999999989 315237.659760553
1.97999999999989 317157.072464362
1.98099999999989 319087.186116121
1.98199999999989 321028.054903881
1.98299999999989 322979.733262477
1.98399999999989 324942.275874539
1.98499999999989 326915.737671456
1.98599999999989 328900.173834443
1.98699999999989 330895.639795484
1.98799999999989 332902.191238393
1.98899999999989 334919.884099806
1.98999999999989 336948.774570217
1.99099999999989 338988.919094983
1.99199999999989 341040.374375354
1.99299999999989 343103.19736953
1.99399999999989 345177.44529366
1.99499999999989 347263.175622895
1.99599999999989 349360.446092433
1.99699999999989 351469.314698558
1.99799999999989 353589.839699693
1.99899999999989 355722.079617454
1.99999999999989 357866.093237704
