0 0
0.001 -1.06808571074791e-16
0.002 -6.83574854878655e-15
0.003 -7.78634483135205e-14
0.004 -4.37487907122258e-13
0.005 -1.6688839230424e-12
0.006 -4.98326069205464e-12
0.007 -1.25659215783094e-11
0.008 -2.79992260554888e-11
0.009 -5.67624538191559e-11
0.01 -1.06808571069825e-10
0.011 -1.89217898966243e-10
0.012 -3.18928684247913e-10
0.013 -5.15544572025247e-10
0.014 -8.04218980734665e-10
0.015 -1.2166163792545e-09
0.016 -1.79195046617535e-09
0.017 -2.57809925121596e-09
0.018 -3.63279703877105e-09
0.019 -5.02490331357355e-09
0.02 -6.83574852844637e-09
0.021 -9.16055679410937e-09
0.022 -1.21099454710006e-08
0.023 -1.58115016630508e-08
0.024 -2.04114356133442e-08
0.025 -2.60763110015663e-08
0.026 -3.29948521431303e-08
0.027 -4.13798280898326e-08
0.028 -5.14700136318655e-08
0.029 -6.35322272009661e-08
0.03 -7.78634456744434e-08
0.031 -9.47929960797786e-08
0.032 -1.14684824199395e-07
0.033 -1.37939840075191e-07
0.034 -1.64998340412278e-07
0.035 -1.9634250788131e-07
0.036 -2.32498987318707e-07
0.037 -2.74041538823906e-07
0.038 -3.21593767752655e-07
0.039 -3.75831931605253e-07
0.04 -4.37487823808476e-07
0.041 -5.07351734389634e-07
0.042 -5.86275487541081e-07
0.043 -6.75175556073416e-07
0.044 -7.75036252754971e-07
0.045 -8.86912998535347e-07
0.046 -1.01193566765008e-06
0.047 -1.15131200960347e-06
0.048 -1.30633114802602e-06
0.049 -1.47836715640267e-06
0.05 -1.66888271066732e-06
0.051 -1.87943281865931e-06
0.052 -2.11166862643578e-06
0.053 -2.36734130143486e-06
0.054 -2.64830599248221e-06
0.055 -2.95652586663492e-06
0.056 -3.29407622285344e-06
0.057 -3.66314868249406e-06
0.058 -4.06605545661176e-06
0.059 -4.5052336900628e-06
0.06 -4.98324988239665e-06
0.061 -5.50280438552294e-06
0.062 -6.06673597814206e-06
0.063 -6.67802651692277e-06
0.064 -7.33980566441144e-06
0.065 -8.05535569365612e-06
0.066 -8.82811636952475e-06
0.067 -9.66168990669928e-06
0.068 -1.05598460043211e-05
0.069 -1.15265269572663e-05
0.07 -1.25658528440227e-05
0.071 -1.36821267911436e-05
0.0720000000000001 -1.48798403142433e-05
0.0730000000000001 -1.61636787355105e-05
0.0740000000000001 -1.75385266776934e-05
0.0750000000000001 -1.90094736345343e-05
0.0760000000000001 -2.0581819617598e-05
0.0770000000000001 -2.22610808794621e-05
0.0780000000000001 -2.40529957132237e-05
0.0790000000000001 -2.59635303282664e-05
0.0800000000000001 -2.79988848022413e-05
0.0810000000000001 -3.01654991092063e-05
0.0820000000000001 -3.24700592238633e-05
0.0830000000000001 -3.49195033018287e-05
0.0840000000000001 -3.75210279358756e-05
0.0850000000000001 -4.02820944880676e-05
0.0860000000000001 -4.32104354977192e-05
0.0870000000000001 -4.6314061165091e-05
0.0880000000000001 -4.96012659107452e-05
0.0890000000000001 -5.30806350104597e-05
0.0900000000000001 -5.67610513056154e-05
0.0910000000000001 -6.06517019889483e-05
0.0920000000000001 -6.47620854655554e-05
0.0930000000000001 -6.91020182890565e-05
0.0940000000000001 -7.36816421727704e-05
0.0950000000000001 -7.85114310757851e-05
0.0960000000000001 -8.36021983638138e-05
0.0970000000000001 -8.8965104044641e-05
0.0980000000000001 -9.46116620780558e-05
0.0990000000000001 -0.00010055374776011
0.1 -0.000106803605181494
0.101 -0.000113373854759926
0.102 -0.000120277500846291
0.103 -0.000127527939404403
0.104 -0.000135138965764151
0.105 -0.00014312478244782
0.106 -0.000151500007069373
0.107 -0.000160279680306445
0.108 -0.000169479273944822
0.109 -0.000179114698995114
0.11 -0.00018920231388139
0.111 -0.000199758932701441
0.112 -0.00021080183355844
0.113 -0.000222348766963614
0.114 -0.000234417964309635
0.115 -0.000247028146414433
0.116 -0.000260198532134953
0.117 -0.000273948847050648
0.118 -0.00028829933221614
0.119 -0.000303270752982808
0.12 -0.000318884407888733
0.121 -0.00033516213761667
0.122 -0.000352126334019504
0.123 -0.000369799949212767
0.124 -0.000388206504733643
0.125 -0.000407370100766021
0.126 -0.000427315425430991
0.127 -0.000448067764142187
0.128 -0.000469653009025496
0.129 -0.000492097668402351
0.13 -0.00051542887633619
0.131 -0.000539674402241103
0.132 -0.000564862660552324
0.133 -0.000591022720457585
0.134 -0.00061818431568861
0.135 -0.000646377854372198
0.136 -0.00067563442893975
0.137 -0.000705985826094616
0.138 -0.000737464536836404
0.139 -0.000770103766541172
0.14 -0.000803937445096729
0.141 -0.000839000237092018
0.142 -0.000875327552059573
0.143 -0.000912955554769875
0.144 -0.000951921175576834
0.145 -0.000992262120812918
0.146 -0.00103401688323302
0.147 -0.00107722475250569
0.148 -0.00112192582575061
0.149 -0.0011681610181209
0.15 -0.00121597207342909
0.151 -0.00126540157481509
0.152 -0.0013164929554551
0.153 -0.00136929050930962
0.154 -0.00142383940190928
0.155 -0.00148018568117672
0.156 -0.00153837628828306
0.157 -0.00159845906853725
0.158 -0.00166048278230633
0.159 -0.00172449711596502
0.16 -0.00179055269287284
0.161 -0.00185870108437662
0.162 -0.00192899482083638
0.163 -0.00200148740267296
0.164 -0.00207623331143484
0.165 -0.00215328802088206
0.166 -0.00223270800808507
0.167 -0.00231455076453658
0.168 -0.00239887480727284
0.169 -0.00248573969000351
0.17 -0.00257520601424631
0.171 -0.0026673354404641
0.172 -0.00276219069920236
0.173 -0.00285983560222356
0.174 -0.00296033505363569
0.175 -0.00306375506101224
0.176 -0.00317016274650066
0.177 -0.00327962635791579
0.178 -0.00339221527981525
0.179 -0.00350800004455363
0.18 -0.00362705234331227
0.181 -0.00374944503709992
0.182 -0.00387525216772277
0.183 -0.00400454896871815
0.184 -0.00413741187624918
0.185 -0.00427391853995628
0.186 -0.00441414783376191
0.187 -0.00455817986662261
0.188 -0.00470609599322709
0.189 -0.00485797882463359
0.19 -0.00501391223884265
0.191 -0.00517398139130151
0.192 -0.00533827272533413
0.193 -0.00550687398249327
0.194 -0.00567987421282866
0.195 -0.0058573637850665
0.196 -0.00603943439669538
0.197 -0.00622617908395283
0.198 -0.0064176922317066
0.199 -0.00661406958322662
0.2 -0.0068154082498398
0.201 -0.0070218067204622
0.202 -0.00723336487100487
0.203 -0.00745018397364253
0.204 -0.0076723667059436
0.205 -0.00790001715985075
0.206 -0.0081332408505082
0.207 -0.008372144724928
0.208 -0.00861683717048693
0.209 -0.00886742802324814
0.21 -0.00912402857610071
0.211 -0.00938675158670699
0.212 -0.00965571128525311
0.213 -0.00993102338199063
0.214 -0.0102128050745667
0.215 -0.0105011750551282
0.216 -0.0107962535171959
0.217 -0.0110981621622978
0.218 -0.0114070242063524
0.219 -0.0117229643857943
0.22 -0.0120461089634309
0.221 -0.0123765857340223
0.222 -0.0127145240295714
0.223 -0.0130600547243191
0.224 -0.0134133102394302
0.225 -0.0137744245473596
0.226 -0.0141435331758906
0.227 -0.0145207732118321
0.228 -0.0149062833043638
0.229 -0.015300203668019
0.23 -0.0157026760852906
0.231 -0.0161138439088503
0.232 -0.0165338520633709
0.233 -0.0169628470469312
0.234 -0.0174009769320003
0.235 -0.0178483913659823
0.236 -0.018305241571307
0.237 -0.018771680345058
0.238 -0.0192478620581213
0.239 -0.0197339426538359
0.24 -0.0202300796461419
0.241 -0.0207364321171985
0.242 -0.0212531607144685
0.243 -0.021780427647245
0.244 -0.0223183966826091
0.245 -0.0228672331408007
0.246 -0.0234271038899844
0.247 -0.0239981773403983
0.248 -0.0245806234378604
0.249 -0.0251746136566253
0.25 -0.0257803209915615
0.251 -0.0263979199496424
0.252 -0.0270275865407235
0.253 -0.0276694982675893
0.254 -0.0283238341152537
0.255 -0.0289907745394896
0.256 -0.0296705014545658
0.257 -0.0303631982201823
0.258 -0.0310690496275625
0.259 -0.0317882418847029
0.26 -0.0325209626007385
0.261 -0.0332674007694185
0.262 -0.0340277467516569
0.263 -0.03480219225714
0.264 -0.0355909303249669
0.265 -0.0363941553033004
0.266 -0.0372120628279953
0.267 -0.0380448498001914
0.268 -0.0388927143628369
0.269 -0.0397558558761169
0.27 -0.040634474891762
0.271 -0.0415287731262129
0.272 -0.0424389534326057
0.273 -0.0433652197715549
0.274 -0.0443077771807102
0.275 -0.0452668317430408
0.276 -0.0462425905538426
0.277 -0.0472352616864106
0.278 -0.0482450541563707
0.279 -0.0492721778846193
0.28 -0.0503168436588537
0.281 -0.0513792630936489
0.282 -0.0524596485890581
0.283 -0.0535582132876921
0.284 -0.0546751710302558
0.285 -0.0558107363094939
0.286 -0.0569651242225177
0.287 -0.0581385504214799
0.288 -0.0593312310625489
0.289 -0.0605433827531528
0.29 -0.0617752224974659
0.291 -0.0630269676400615
0.292 -0.0642988358077448
0.293 -0.065591044849479
0.294 -0.06690381277439
0.295 -0.068237357687792
0.296 -0.0695918977252124
0.297 -0.0709676509843478
0.298 -0.0723648354549246
0.299 -0.0737836689464148
0.3 -0.0752243690135608
0.301 -0.0766871528796615
0.302 -0.0781722373575734
0.303 -0.0796798387683838
0.304 -0.0812101728577049
0.305 -0.0827634547095308
0.306 -0.0843398986576183
0.307 -0.0859397181943447
0.308 -0.0875631258769654
0.309 -0.0892103332312588
0.31 -0.0908815506524549
0.311 -0.0925769873034493
0.312 -0.0942968510101872
0.313 -0.0960413481542276
0.314 -0.0978106835623597
0.315 -0.0996050603932716
0.316 -0.101424680021182
0.317 -0.103269741916377
0.318 -0.105140443522612
0.319 -0.107036980131278
0.32 -0.108959544752313
0.321 -0.110908327981755
0.322 -0.112883517865917
0.323 -0.114885299762053
0.324 -0.116913856195529
0.325 -0.118969366713348
0.326 -0.121052007734029
0.327 -0.123161952393738
0.328 -0.125299370388575
0.329 -0.12746442781301
0.33 -0.129657286994338
0.331 -0.131878106323077
0.332 -0.134127040079299
0.333 -0.136404238254739
0.334 -0.138709846370628
0.335 -0.141044005291209
0.336 -0.143406851032806
0.337 -0.145798514568373
0.338 -0.148219121627482
0.339 -0.150668792491598
0.34 -0.153147641784618
0.341 -0.15565577825855
0.342 -0.158193304574243
0.343 -0.160760317077121
0.344 -0.163356905567768
0.345 -0.165983153067306
0.346 -0.168639135577508
0.347 -0.171324921835451
0.348 -0.17404057306273
0.349 -0.176786142709052
0.35 -0.179561676190141
0.351 -0.182367210619852
0.352 -0.185202774536417
0.353 -0.188068387622641
0.354 -0.190964060420062
0.355 -0.19388979403684
0.356 -0.196845579849379
0.357 -0.199831399197502
0.358 -0.202847223073085
0.359 -0.20589301180206
0.36 -0.208968714719635
0.361 -0.212074269838659
0.362 -0.215209603510971
0.363 -0.218374630081628
0.364 -0.221569251535942
0.365 -0.224793357139103
0.366 -0.228046823068334
0.367 -0.231329512037484
0.368 -0.234641272913824
0.369 -0.237981940327004
0.37 -0.241351334270025
0.371 -0.244749259692065
0.372 -0.248175506083048
0.373 -0.251629847049812
0.374 -0.255112039883756
0.375 -0.258621825119751
0.376 -0.262158926086319
0.377 -0.265723048446775
0.378 -0.269313879731275
0.379 -0.272931088859631
0.38 -0.276574325654687
0.381 -0.280243220346147
0.382 -0.283937383064702
0.383 -0.287656403326236
0.384 -0.291399849506069
0.385 -0.295167268302979
0.386 -0.298958184192856
0.387 -0.302772098871856
0.388 -0.306608490688905
0.389 -0.310466814067288
0.39 -0.314346498915264
0.391 -0.318246950025459
0.392 -0.32216754646291
0.393 -0.326107640941557
0.394 -0.330066559188969
0.395 -0.334043599299215
0.396 -0.338038031073609
0.397 -0.342049095349182
0.398 -0.346076003314641
0.399 -0.350117935813765
0.4 -0.354174042635819
0.401 -0.35824344179299
0.402 -0.362325218784581
0.403 -0.36641842584767
0.404 -0.370522081194182
0.405 -0.374635168234104
0.406 -0.378756634784516
0.407 -0.382885392264481
0.408 -0.387020314875307
0.409 -0.391160238766192
0.41 -0.395303961184812
0.411 -0.399450239612884
0.412 -0.403597790886205
0.413 -0.407745290299188
0.414 -0.411891370693464
0.415 -0.416034621530451
0.416 -0.420173587947603
0.417 -0.424306769798064
0.418 -0.428432620673584
0.419 -0.432549546910303
0.42 -0.436655906577332
0.421 -0.440750008447715
0.422 -0.444830110951666
0.423 -0.448894421111625
0.424 -0.45294109345915
0.425 -0.456968228933112
0.426 -0.460973873759076
0.427 -0.464956018309584
0.428 -0.468912595945019
0.429 -0.472841481834784
0.43 -0.476740491758594
0.431 -0.48060738088748
0.432 -0.484439842544279
0.433 -0.488235506943354
0.434 -0.491991939909184
0.435 -0.495706641573528
0.436 -0.499377045050994
0.437 -0.503000515092463
0.438 -0.506574346716325
0.439 -0.510095763817032
0.44 -0.513561917750766
0.441 -0.516969885897775
0.442 -0.520316670201245
0.443 -0.523599195682201
0.444 -0.526814308930189
0.445 -0.529958776569417
0.446 -0.533029283700024
0.447 -0.536022432314063
0.448 -0.538934739685933
0.449 -0.541762636736878
0.45 -0.544502466373248
0.451 -0.547150481798034
0.452 -0.549702844795512
0.453 -0.55215562398847
0.454 -0.554504793067711
0.455 -0.556746228993475
0.456 -0.558875710168417
0.457 -0.560888914581645
0.458 -0.562781417923627
0.459 -0.564548691671347
0.46 -0.566186101143614
0.461 -0.567688903525777
0.462 -0.569052245863691
0.463 -0.570271163026527
0.464 -0.571340575637847
0.465 -0.572255287974653
0.466 -0.573009985834019
0.467 -0.573599234366754
0.468 -0.574017475877808
0.469 -0.574259027592876
0.47 -0.574318079390834
0.471 -0.574188691501545
0.472 -0.573864792168535
0.473 -0.573340175276201
0.474 -0.57260849794098
0.475 -0.571663278066059
0.476 -0.570497891859207
0.477 -0.569105571313175
0.478 -0.567479401648211
0.479 -0.565612318716324
0.48 -0.563497106366533
0.481 -0.561126393770971
0.482 -0.558492652711037
0.483 -0.555588194823247
0.484 -0.552405168804283
0.485 -0.54893555757466
0.486 -0.545171175400506
0.487 -0.541103664973006
0.488 -0.536724494444812
0.489 -0.532024954423165
0.49 -0.526996154918857
0.491 -0.521629022250737
0.492 -0.515914295905119
0.493 -0.509842525349477
0.494 -0.50340406680001
0.495 -0.496589079942347
0.496 -0.489387524604965
0.497 -0.481789157384595
0.498 -0.473783528223184
0.499 -0.465359976935649
0.5 -0.456507629688008
0.501 -0.447215395425119
0.502 -0.437471962247539
0.503 -0.427265793736835
0.504 -0.416585125228649
0.505 -0.40541796003313
0.506 -0.393752065601735
0.507 -0.381574969640126
0.508 -0.368873956166238
0.509 -0.355636061513034
0.51 -0.34184807027519
0.511 -0.327496511199084
0.512 -0.312567653015402
0.513 -0.297047500213742
0.514 -0.280921788758352
0.515 -0.264175981744581
0.516 -0.24679526499505
0.517 -0.228764542595064
0.518 -0.210068432366451
0.519 -0.190691261279055
0.52 -0.170617060799314
0.521 -0.149829562174996
0.522 -0.128312191655522
0.523 -0.10604806564698
0.524 -0.0830199858011822
0.525 -0.0592104340379681
0.526 -0.0346015674999237
0.527 -0.00917521343883126
0.528 0.0170871359670017
0.529 0.0442043288652951
0.53 0.0721955590530747
0.531 0.101080371371431
0.532 0.1308786671726
0.533 0.161610709860231
0.534 0.193297130503588
0.535 0.225958933526618
0.536 0.259617502472632
0.537 0.294294605845611
0.538 0.330012403028818
0.539 0.366793450281677
0.54 0.404660706815889
0.541 0.443637540951479
0.542 0.48374773635386
0.543 0.52501549835264
0.544 0.567465460343343
0.545 0.611122690272604
0.546 0.65601269720812
0.547 0.702161437994171
0.548 0.74959532399346
0.549 0.798341227916622
0.55 0.848426490739995
0.551 0.899878928712899
0.552 0.952726840455199
0.553 1.00699901414633
0.554 1.06272473480668
0.555 1.11993379167222
0.556 1.17865648566384
0.557 1.23892363695183
0.558 1.30076659261692
0.559 1.36421723440899
0.56 1.42930798660419
0.561 1.49607182396178
0.562 1.56454227978165
0.563 1.63475345406384
0.564 1.70674002177066
0.565 1.78053724119301
0.566 1.85618096242201
0.567 1.93370763592653
0.568 2.01315432123819
0.569 2.09455869574535
0.57 2.17795906359613
0.571 2.26339436471275
0.572 2.35090418391776
0.573 2.44052876017356
0.574 2.53230899593622
0.575 2.62628646662516
0.576 2.72250343020943
0.577 2.82100283691239
0.578 2.92182833903521
0.579 3.0250243009016
0.58 3.13063580892391
0.581 3.23870868179246
0.582 3.34928948078927
0.583 3.46242552022763
0.584 3.57816487801847
0.585 3.69655640636515
0.586 3.81764974258769
0.587 3.94149532007861
0.588 4.06814437939012
0.589 4.19764897945602
0.59 4.33006200894809
0.591 4.46543719776882
0.592 4.60382912868276
0.593 4.74529324908623
0.594 4.88988588291834
0.595 5.03766424271416
0.596 5.18868644180081
0.597 5.3430115066396
0.598 5.5006993893137
0.599 5.66181098016451
0.6 5.82640812057746
0.601 5.994553615918
0.602 6.16631124862166
0.603 6.34174579143635
0.604 6.52092302082192
0.605 6.70390973050578
0.606 6.89077374519753
0.607 7.08158393446479
0.608 7.27641022676918
0.609 7.4753236236677
0.61 7.67839621417812
0.611 7.88570118931148
0.612 8.09731285677327
0.613 8.31330665583482
0.614 8.53375917237531
0.615 8.75874815409985
0.616 8.98835252592934
0.617 9.22265240557088
0.618 9.46172911926379
0.619 9.70566521770774
0.62 9.95454449217303
0.621 10.2084519907944
0.622 10.4674740350503
0.623 10.7316982364307
0.624 11.0012135132936
0.625 11.2761101079124
0.626 11.5564796037182
0.627 11.842414942734
0.628 12.1340104432095
0.629 12.431361817451
0.63 12.734566189854
0.631 13.043722115139
0.632 13.3589295967895
0.633 13.6802901056985
0.634 14.0079065990228
0.635 14.3418835392471
0.636 14.6823269134619
0.637 15.029344252855
0.638 15.3830446524191
0.639 15.7435387908794
0.64 16.1109389508409
0.641 16.4853590391573
0.642 16.8669146075278
0.643 17.2557228733173
0.644 17.6519027406095
0.645 18.0555748214864
0.646 18.4668614575466
0.647 18.8858867416549
0.648 19.3127765399327
0.649 19.7476585139849
0.65 20.1906621433747
0.651 20.6419187483364
0.652 21.1015615127392
0.653 21.5697255072999
0.654 22.0465477130448
0.655 22.5321670450278
0.656 23.0267243763018
0.657 23.5303625621515
0.658 24.043226464586
0.659 24.5654629770926
0.66 25.0972210496582
0.661 25.638651714061
0.662 26.1899081094267
0.663 26.7511455080622
0.664 27.3225213415667
0.665 27.9041952272124
0.666 28.4963289946162
0.667 29.0990867126859
0.668 29.7126347168581
0.669 30.3371416366207
0.67 30.9727784233264
0.671 31.6197183783032
0.672 32.278137181256
0.673 32.9482129189696
0.674 33.6301261143147
0.675 34.3240597555541
0.676 35.0301993259614
0.677 35.7487328337405
0.678 36.4798508422687
0.679 37.2237465006463
0.68 37.9806155745673
0.681 38.7506564775105
0.682 39.5340703022567
0.683 40.331060852729
0.684 41.1418346761617
0.685 41.9666010956088
0.686 42.8055722427778
0.687 43.6589630912098
0.688000000000001 44.5269914897965
0.689000000000001 45.4098781966442
0.690000000000001 46.3078469132808
0.691000000000001 47.2211243192174
0.692000000000001 48.1499401068644
0.693000000000001 49.0945270167949
0.694000000000001 50.0551208733818
0.695000000000001 51.0319606207839
0.696000000000001 52.0252883593067
0.697000000000001 53.0353493821305
0.698000000000001 54.0623922124056
0.699000000000001 55.1066686407324
0.700000000000001 56.1684337630107
0.701000000000001 57.2479460186779
0.702000000000001 58.3454672293272
0.703000000000001 59.4612626377198
0.704000000000001 60.595600947185
0.705000000000001 61.7487543614138
0.706000000000001 62.9209986246629
0.707000000000001 64.1126130623426
0.708000000000001 65.3238806220215
0.709000000000001 66.5550879148478
0.710000000000001 67.8065252573603
0.711000000000001 69.0784867137405
0.712000000000001 70.3712701384644
0.713000000000001 71.6851772193922
0.714000000000001 73.0205135212751
0.715000000000001 74.377588529695
0.716000000000001 75.7567156954418
0.717000000000001 77.1582124793229
0.718000000000001 78.582400397418
0.719000000000001 80.0296050667782
0.720000000000001 81.5001562515675
0.721000000000001 82.9943879096733
0.722000000000001 84.5126382397524
0.723000000000001 86.0552497287533
0.724000000000001 87.622569199893
0.725000000000001 89.214947861107
0.726000000000001 90.8327413539707
0.727000000000001 92.4763098030931
0.728000000000001 94.1460178659925
0.729000000000001 95.8422347834561
0.730000000000001 97.5653344303886
0.731000000000001 99.315695367147
0.732000000000001 101.093700891379
0.733000000000001 102.899739090354
0.734000000000001 104.734202893802
0.735000000000001 106.597490127266
0.736000000000001 108.490003565951
0.737000000000001 110.412150989106
0.738000000000001 112.364345234921
0.739000000000001 114.347004255938
0.740000000000001 116.360551175019
0.741000000000001 118.405414341815
0.742000000000001 120.482027389794
0.743000000000001 122.590829293812
0.744000000000001 124.732264428209
0.745000000000001 126.90678262549
0.746000000000001 129.114839235527
0.747000000000001 131.356895185355
0.748000000000001 133.633417039498
0.749000000000001 135.944877060894
0.750000000000001 138.291753272382
0.751000000000001 140.674529518757
0.752000000000001 143.093695529432
0.753000000000001 145.549746981667
0.754000000000001 148.043185564397
0.755000000000001 150.574519042666
0.756000000000001 153.144261322646
0.757000000000001 155.752932517289
0.758000000000001 158.401059012547
0.759000000000001 161.089173534274
0.760000000000001 163.817815215674
0.761000000000001 166.587529665443
0.762000000000001 169.398869036498
0.763000000000001 172.252392095359
0.764000000000001 175.148664292177
0.765000000000001 178.088257831398
0.766000000000001 181.071751743083
0.767000000000001 184.0997319549
0.768000000000001 187.172791364732
0.769000000000001 190.291529914021
0.770000000000001 193.456554661727
0.771000000000001 196.668479858985
0.772000000000001 199.927927024452
0.773000000000001 203.235525020338
0.774000000000001 206.591910129125
0.775000000000001 209.99772613098
0.776000000000001 213.453624381904
0.777000000000001 216.960263892555
0.778000000000001 220.518311407801
0.779000000000001 224.128441486991
0.780000000000001 227.791336584974
0.781000000000001 231.507687133814
0.782000000000001 235.278191625272
0.783000000000001 239.103556694015
0.784000000000001 242.984497201599
0.785000000000001 246.921736321162
0.786000000000001 250.91600562292
0.787000000000001 254.968045160435
0.788000000000001 259.078603557613
0.789000000000001 263.248438096513
0.790000000000001 267.478314805932
0.791000000000001 271.76900855078
0.792000000000001 276.121303122279
0.793000000000001 280.535991328889
0.794000000000001 285.013875088156
0.795000000000001 289.555765519262
0.796000000000001 294.162483036467
0.797000000000001 298.834857443379
0.798000000000001 303.573728028014
0.799000000000001 308.379943658731
0.800000000000001 313.254362880994
0.801000000000001 318.197854015006
0.802000000000001 323.211295254216
0.803000000000001 328.295574764609
0.804000000000001 333.451590784994
0.805000000000001 338.680251728067
0.806000000000001 343.982476282415
0.807000000000001 349.359193515386
0.808000000000001 354.811342976879
0.809000000000001 360.33987480402
0.810000000000001 365.945749826753
0.811000000000001 371.629939674381
0.812000000000001 377.393426882976
0.813000000000001 383.237205003784
0.814000000000001 389.16227871253
0.815000000000001 395.169663919662
0.816000000000001 401.260387881586
0.817000000000001 407.435489312867
0.818000000000001 413.696018499309
0.819000000000001 420.043037412135
0.820000000000001 426.477619823069
0.821000000000001 433.000851420432
0.822000000000001 439.613829926203
0.823000000000001 446.317665214174
0.824000000000001 453.113479429007
0.825000000000001 460.002407106352
0.826000000000001 466.985595294059
0.827000000000001 474.064203674268
0.828000000000001 481.239404686735
0.829000000000001 488.512383653055
0.830000000000001 495.884338901983
0.831000000000001 503.356481895866
0.832000000000001 510.930037358093
0.833000000000001 518.606243401654
0.834000000000001 526.386351658778
0.835000000000001 534.271627411647
0.836000000000001 542.263349724257
0.837000000000001 550.362811575348
0.838000000000001 558.571319992493
0.839000000000001 566.89019618729
0.840000000000001 575.320775691658
0.841000000000001 583.86440849536
0.842000000000001 592.522459184621
0.843000000000001 601.296307081888
0.844000000000001 610.187346386834
0.845000000000001 619.196986318445
0.846000000000001 628.326651258361
0.847000000000001 637.577780895426
0.848000000000001 646.951830371321
0.849000000000001 656.450270427593
0.850000000000001 666.074587553712
0.851000000000001 675.826284136525
0.852000000000001 685.70687861079
0.853000000000001 695.717905611141
0.854000000000001 705.860916125057
0.855000000000001 716.137477647397
0.856000000000001 726.549174335937
0.857000000000001 737.097607168355
0.858000000000001 747.784394100456
0.859000000000001 758.611170225625
0.860000000000001 769.579587935769
0.861000000000001 780.691317083395
0.862000000000001 791.948045145078
0.863000000000001 803.351477386301
0.864000000000001 814.903337027627
0.865000000000001 826.605365412194
0.866000000000001 838.459322174555
0.867000000000001 850.46698541102
0.868000000000001 862.630151851223
0.869000000000001 874.950637031144
0.870000000000001 887.430275467616
0.871000000000001 900.070920834076
0.872000000000001 912.874446137911
0.873000000000001 925.842743899153
0.874000000000001 938.977726330546
0.875000000000001 952.281325519244
0.876000000000001 965.755493609768
0.877000000000001 979.402202988665
0.878000000000001 993.223446470369
0.879000000000001 1007.22123748485
0.880000000000001 1021.39761026652
0.881000000000001 1035.75462004478
0.882000000000001 1050.29434323615
0.883000000000001 1065.01887763771
0.884000000000001 1079.93034262237
0.885000000000001 1095.03087933535
0.886000000000001 1110.32265089271
0.887000000000001 1125.80784258092
0.888000000000001 1141.48866205838
0.889000000000001 1157.36733955843
0.890000000000001 1173.44612809399
0.891000000000001 1189.72730366369
0.892000000000001 1206.21316545983
0.893000000000001 1222.90603607789
0.894000000000001 1239.80826172768
0.895000000000001 1256.92221244611
0.896000000000001 1274.25028231175
0.897000000000001 1291.79488966107
0.898000000000001 1309.55847730621
0.899000000000001 1327.54351275459
0.900000000000001 1345.75248843036
0.901000000000001 1364.1879218973
0.902000000000001 1382.8523560837
0.903000000000001 1401.74835950882
0.904000000000001 1420.87852651135
0.905000000000001 1440.24547747934
0.906000000000001 1459.8518590822
0.907000000000001 1479.70034450438
0.908000000000001 1499.79363368084
0.909000000000001 1520.13445353435
0.910000000000001 1540.72555821472
0.911000000000001 1561.56972933986
0.912000000000001 1582.66977623856
0.913000000000001 1604.02853619523
0.914000000000001 1625.64887469684
0.915000000000001 1647.53368568103
0.916000000000001 1669.68589178692
0.917000000000001 1692.10844460732
0.918000000000001 1714.80432494317
0.919000000000001 1737.77654305973
0.920000000000001 1761.02813894491
0.921000000000001 1784.56218256941
0.922000000000001 1808.38177414893
0.923000000000001 1832.49004440855
0.924000000000001 1856.89015484873
0.925000000000001 1881.58529801368
0.926000000000001 1906.57869776177
0.927000000000001 1931.87360953763
0.928000000000001 1957.47332064683
0.929000000000001 1983.38115053231
0.930000000000001 2009.60045105293
0.931000000000001 2036.13460676422
0.932000000000001 2062.98703520119
0.933000000000001 2090.16118716352
0.934000000000001 2117.66054700242
0.935000000000001 2145.48863290993
0.936000000000001 2173.64899721067
0.937000000000001 2202.14522665523
0.938000000000001 2230.98094271619
0.939000000000001 2260.15980188616
0.940000000000001 2289.68549597818
0.941000000000001 2319.56175242812
0.942000000000001 2349.79233459981
0.943000000000001 2380.38104209192
0.944000000000001 2411.33171104752
0.945000000000001 2442.64821446578
0.946000000000001 2474.33446251591
0.947000000000001 2506.39440285374
0.948000000000001 2538.83202094043
0.949000000000001 2571.65134036331
0.950000000000001 2604.85642315976
0.951000000000001 2638.45137014289
0.952000000000001 2672.44032122983
0.953000000000001 2706.82745577255
0.954000000000001 2741.6169928909
0.955000000000001 2776.81319180855
0.956000000000001 2812.42035219064
0.957000000000001 2848.44281448485
0.958000000000001 2884.88496026411
0.959000000000001 2921.75121257258
0.960000000000001 2959.04603627347
0.961000000000001 2996.7739384001
0.962000000000001 3034.93946850888
0.963000000000001 3073.54721903544
0.964000000000001 3112.601825653
0.965000000000001 3152.1079676334
0.966000000000001 3192.07036821094
0.967000000000001 3232.49379494874
0.968000000000001 3273.3830601078
0.969000000000001 3314.74302101862
0.970000000000001 3356.57858045574
0.971000000000001 3398.894687015
0.972000000000001 3441.6963354932
0.973000000000001 3484.98856727092
0.974000000000001 3528.77647069785
0.975000000000001 3573.0651814809
0.976000000000001 3617.85988307549
0.977000000000001 3663.16580707894
0.978000000000001 3708.98823362765
0.979000000000001 3755.33249179609
0.980000000000001 3802.20395999963
0.981000000000001 3849.60806639934
0.982000000000001 3897.55028931077
0.983000000000001 3946.03615761465
0.984000000000001 3995.07125117077
0.985000000000001 4044.6612012358
0.986000000000001 4094.81169088217
0.987000000000001 4145.52845542228
0.988000000000001 4196.8172828334
0.989000000000001 4248.68401418737
0.990000000000001 4301.13454408265
0.991000000000001 4354.17482107952
0.992000000000001 4407.81084813791
0.993000000000001 4462.04868305934
0.994000000000001 4516.89443893119
0.995000000000001 4572.35428457425
0.996000000000001 4628.43444499398
0.997000000000001 4685.14120183371
0.998000000000001 4742.4808938328
0.999000000000001 4800.4599172865
1 4859.08472650971
1.001 4918.36183430418
1.002 4978.29781242841
1.003 5038.89929207135
1.004 5100.17296432928
1.005 5162.12558068618
1.006 5224.76395349693
1.007 5288.09495647442
1.008 5352.12552518016
1.009 5416.86265751774
1.01 5482.31341423
1.011 5548.48491940022
1.012 5615.38436095563
1.013 5683.01899117571
1.014 5751.39612720305
1.015 5820.52315155796
1.016 5890.40751265744
1.017 5961.05672533632
1.018 6032.47837137352
1.019 6104.68010002061
1.02 6177.66962853484
1.021 6251.45474271608
1.022 6326.0432974463
1.023 6401.44321723392
1.024 6477.66249676146
1.025 6554.70920143676
1.026 6632.59146794842
1.027 6711.3175048247
1.028 6790.89559299641
1.029 6871.33408636376
1.03 6952.64141236658
1.031 7034.8260725591
1.032 7117.89664318821
1.033 7201.86177577602
1.034 7286.73019770593
1.035 7372.51071281319
1.036 7459.21220197886
1.037 7546.84362372852
1.038 7635.41401483452
1.039 7724.93249092256
1.04 7815.40824708251
1.041 7906.85055848224
1.042 7999.26878098803
1.043 8092.67235178595
1.044 8187.07079001104
1.045 8282.47369737696
1.046 8378.89075881287
1.047 8476.33174310356
1.048 8574.80650353283
1.049 8674.3249785334
1.05 8774.89719233894
1.051 8876.53325564174
1.05199999999999 8979.24336625538
1.05299999999999 9083.03780977928
1.05399999999999 9187.92696027105
1.05499999999999 9293.92128092064
1.05599999999999 9401.03132473023
1.05699999999999 9509.2677351986
1.05799999999999 9618.64124701005
1.05899999999999 9729.16268672685
1.05999999999999 9840.84297348834
1.06099999999999 9953.69311971291
1.06199999999999 10067.7242318053
1.06299999999999 10182.947510868
1.06399999999999 10299.3742534191
1.06499999999999 10417.0158521127
1.06599999999999 10535.8837964651
1.06699999999999 10655.9896735864
1.06799999999999 10777.3451689155
1.06899999999999 10899.9620669608
1.06999999999999 11023.8522520464
1.07099999999999 11149.0277090616
1.07199999999999 11275.5005242167
1.07299999999999 11403.2828858031
1.07399999999999 11532.3870849589
1.07499999999999 11662.8255164382
1.07599999999999 11794.6106793876
1.07699999999999 11927.7551781259
1.07799999999999 12062.2717229298
1.07899999999999 12198.1731308245
1.07999999999999 12335.4723263789
1.08099999999999 12474.182342508
1.08199999999999 12614.316321277
1.08299999999999 12755.8875147146
1.08399999999999 12898.9092856287
1.08499999999999 13043.3951084283
1.08599999999999 13189.3585699513
1.08699999999999 13336.813370297
1.08799999999999 13485.7733236636
1.08899999999999 13636.2523591929
1.08999999999999 13788.2645218181
1.09099999999999 13941.8239731181
1.09199999999999 14096.9449921787
1.09299999999999 14253.641976457
1.09399999999999 14411.9294426524
1.09499999999999 14571.8220275837
1.09599999999999 14733.3344890711
1.09699999999999 14896.4817068245
1.09799999999999 15061.2786833366
1.09899999999999 15227.7405447825
1.09999999999999 15395.8825419243
1.10099999999999 15565.7200510233
1.10199999999999 15737.2685747552
1.10299999999999 15910.5437431337
1.10399999999999 16085.5613144382
1.10499999999999 16262.337176149
1.10599999999999 16440.8873458871
1.10699999999999 16621.2279723603
1.10799999999999 16803.3753363161
1.10899999999999 16987.3458514992
1.10999999999999 17173.1560656172
1.11099999999999 17360.8226613099
1.11199999999999 17550.3624571271
1.11299999999999 17741.7924085096
1.11399999999999 17935.1296087815
1.11499999999999 18130.3912901419
1.11599999999999 18327.5948246694
1.11699999999999 18526.7577253285
1.11799999999999 18727.8976469837
1.11899999999999 18931.0323874218
1.11999999999999 19136.1798883772
1.12099999999999 19343.358236566
1.12199999999999 19552.5856647266
1.12299999999999 19763.8805526651
1.12399999999999 19977.2614283103
1.12499999999999 20192.7469687707
1.12599999999999 20410.3560014033
1.12699999999999 20630.1075048847
1.12799999999999 20852.0206102928
1.12899999999999 21076.1146021907
1.12999999999999 21302.4089197213
1.13099999999999 21530.9231577082
1.13199999999999 21761.6770677609
1.13299999999999 21994.6905593886
1.13399999999999 22229.9837011221
1.13499999999999 22467.5767216394
1.13599999999999 22707.4900109024
1.13699999999999 22949.7441212977
1.13799999999999 23194.3597687837
1.13899999999999 23441.3578340484
1.13999999999999 23690.7593636719
1.14099999999999 23942.5855712955
1.14199999999999 24196.8578387997
1.14299999999998 24453.5977174885
1.14399999999998 24712.8269292814
1.14499999999998 24974.5673679124
1.14599999999998 25238.8411001362
1.14699999999998 25505.670366943
1.14799999999998 25775.0775847785
1.14899999999998 26047.0853467745
1.14999999999998 26321.7164239831
1.15099999999998 26598.993766622
1.15199999999998 26878.9405053271
1.15299999999998 27161.579952409
1.15399999999998 27446.9356031215
1.15499999999998 27735.0311369364
1.15599999999998 28025.8904188241
1.15699999999998 28319.5375005466
1.15799999999998 28615.9966219521
1.15899999999998 28915.2922122846
1.15999999999998 29217.4488914936
1.16099999999998 29522.4914715594
1.16199999999998 29830.4449578202
1.16299999999998 30141.334550312
1.16399999999998 30455.1856451139
1.16499999999998 30772.0238357
1.16599999999998 31091.8749143053
1.16699999999998 31414.7648732934
1.16799999999998 31740.7199065365
1.16899999999998 32069.7664108006
1.16999999999998 32401.930987144
1.17099999999998 32737.2404423177
1.17199999999998 33075.7217901802
1.17299999999998 33417.4022531161
1.17399999999998 33762.3092634655
1.17499999999998 34110.4704649636
1.17599999999998 34461.9137141856
1.17699999999998 34816.6670820008
1.17799999999998 35174.758855037
1.17899999999998 35536.2175371544
1.17999999999998 35901.0718509251
1.18099999999998 36269.3507391229
1.18199999999998 36641.083366223
1.18299999999998 37016.2991199086
1.18399999999998 37395.027612591
1.18499999999998 37777.2986829302
1.18599999999998 38163.1423973747
1.18699999999998 38552.5890517022
1.18799999999998 38945.6691725735
1.18899999999998 39342.4135190944
1.18999999999998 39742.8530843906
1.19099999999998 40147.0190971819
1.19199999999998 40554.9430233782
1.19299999999998 40966.6565676777
1.19399999999998 41382.191675172
1.19499999999998 41801.5805329706
1.19599999999998 42224.8555718243
1.19699999999998 42652.0494677656
1.19799999999998 43083.1951437511
1.19899999999998 43518.3257713261
1.19999999999998 43957.4747722831
1.20099999999998 44400.675820344
1.20199999999998 44847.9628428433
1.20299999999998 45299.3700224225
1.20399999999998 45754.9317987418
1.20499999999998 46214.6828701893
1.20599999999998 46678.6581956113
1.20699999999998 47146.8929960461
1.20799999999998 47619.4227564718
1.20899999999998 48096.2832275591
1.20999999999998 48577.5104274431
1.21099999999998 49063.1406434946
1.21199999999998 49553.2104341096
1.21299999999998 50047.7566305075
1.21399999999998 50546.8163385366
1.21499999999998 51050.4269404962
1.21599999999998 51558.6260969582
1.21699999999998 52071.4517486159
1.21799999999998 52588.9421181262
1.21899999999998 53111.1357119731
1.21999999999998 53638.0713223435
1.22099999999998 54169.788028999
1.22199999999998 54706.3252011782
1.22299999999998 55247.7224994972
1.22399999999998 55794.0198778664
1.22499999999998 56345.2575854113
1.22599999999998 56901.4761684142
1.22699999999998 57462.716472263
1.22799999999998 58029.0196434059
1.22899999999998 58600.4271313237
1.22999999999998 59176.9806905141
1.23099999999998 59758.7223824811
1.23199999999998 60345.6945777431
1.23299999999998 60937.9399578425
1.23399999999997 61535.5015173808
1.23499999999997 62138.4225660526
1.23599999999997 62746.746730696
1.23699999999997 63360.5179573587
1.23799999999997 63979.7805133685
1.23899999999997 64604.5789894156
1.23999999999997 65234.9583016606
1.24099999999997 65870.9636938333
1.24199999999997 66512.6407393602
1.24299999999997 67160.0353434965
1.24399999999997 67813.1937454663
1.24499999999997 68472.1625206319
1.24599999999997 69136.9885826503
1.24699999999997 69807.7191856666
1.24799999999997 70484.4019264976
1.24899999999997 71167.0847468467
1.24999999999997 71855.815935522
1.25099999999997 72550.6441306638
1.25199999999997 73251.6183219894
1.25299999999997 73958.7878530544
1.25399999999997 74672.2024235183
1.25499999999997 75391.9120914239
1.25599999999997 76117.9672755017
1.25699999999997 76850.4187574652
1.25799999999997 77589.3176843434
1.25899999999997 78334.715570804
1.25999999999997 79086.6643015047
1.26099999999997 79845.2161334579
1.26199999999997 80610.4236983958
1.26299999999997 81382.3400051588
1.26399999999997 82161.0184420945
1.26499999999997 82946.5127794748
1.26599999999997 83738.8771719151
1.26699999999997 84538.1661608226
1.26799999999997 85344.4346768378
1.26899999999997 86157.7380423119
1.26999999999997 86978.1319737799
1.27099999999997 87805.6725844639
1.27199999999997 88640.4163867685
1.27299999999997 89482.4202948113
1.27399999999997 90331.741626959
1.27499999999997 91188.4381083722
1.27599999999997 92052.5678735703
1.27699999999997 92924.1894690145
1.27799999999997 93803.3618556942
1.27899999999997 94690.1444117362
1.27999999999997 95584.5969350215
1.28099999999997 96486.7796458246
1.28199999999997 97396.7531894655
1.28299999999997 98314.5786389655
1.28399999999997 99240.3174977362
1.28499999999997 100174.031702258
1.28599999999997 101115.783624805
1.28699999999997 102065.63607616
1.28799999999997 103023.652308347
1.28899999999997 103989.896017395
1.28999999999997 104964.431346097
1.29099999999997 105947.322886797
1.29199999999997 106938.635684185
1.29299999999997 107938.435238116
1.29399999999997 108946.787506431
1.29499999999997 109963.758907805
1.29599999999997 110989.416324607
1.29699999999997 112023.82710577
1.29799999999997 113067.059069688
1.29899999999997 114119.180507121
1.29999999999997 115180.260184108
1.30099999999997 116250.367344913
1.30199999999997 117329.571714981
1.30299999999997 118417.943503901
1.30399999999997 119515.553408386
1.30499999999997 120622.472615294
1.30599999999997 121738.772804625
1.30699999999997 122864.526152563
1.30799999999997 123999.805334533
1.30899999999997 125144.683528252
1.30999999999997 126299.23441683
1.31099999999997 127463.532191854
1.31199999999997 128637.651556518
1.31299999999997 129821.667728739
1.31399999999997 131015.656444327
1.31499999999997 132219.693960134
1.31599999999997 133433.85705725
1.31699999999997 134658.223044192
1.31799999999997 135892.869760133
1.31899999999997 137137.87557813
1.31999999999997 138393.319408376
1.32099999999997 139659.280701473
1.32199999999997 140935.839451717
1.32299999999997 142223.076200397
1.32399999999996 143521.072039124
1.32499999999996 144829.908613168
1.32599999999996 146149.668124819
1.32699999999996 147480.433336747
1.32799999999996 148822.287575415
1.32899999999996 150175.314734478
1.32999999999996 151539.599278209
1.33099999999996 152915.226244957
1.33199999999996 154302.281250602
1.33299999999996 155700.85049204
1.33399999999996 157111.020750696
1.33499999999996 158532.879396021
1.33599999999996 159966.514389059
1.33699999999996 161412.014285979
1.33799999999996 162869.468241667
1.33899999999996 164338.966013318
1.33999999999996 165820.597964043
1.34099999999996 167314.455066504
1.34199999999996 168820.628906581
1.34299999999996 170339.21168701
1.34399999999996 171870.29623111
1.34499999999996 173413.975986465
1.34599999999996 174970.345028667
1.34699999999996 176539.498065057
1.34799999999996 178121.530438499
1.34899999999996 179716.53813116
1.34999999999996 181324.617768325
1.35099999999996 182945.866622219
1.35199999999996 184580.382615849
1.35299999999996 186228.264326885
1.35399999999996 187889.610991538
1.35499999999996 189564.522508461
1.35599999999996 191253.099442689
1.35699999999996 192955.443029578
1.35799999999996 194671.655178778
1.35899999999996 196401.83847822
1.35999999999996 198146.096198119
1.36099999999996 199904.532295015
1.36199999999996 201677.251415824
1.36299999999996 203464.358901898
1.36399999999996 205265.960793127
1.36499999999996 207082.163832046
1.36599999999996 208913.075467979
1.36699999999996 210758.803861191
1.36799999999996 212619.457887066
1.36899999999996 214495.147140305
1.36999999999996 216385.981939143
1.37099999999996 218292.073329601
1.37199999999996 220213.533089742
1.37299999999996 222150.473733961
1.37399999999996 224103.008517291
1.37499999999996 226071.251439742
1.37599999999996 228055.317250629
1.37699999999996 230055.321452971
1.37799999999996 232071.380307882
1.37899999999996 234103.61083898
1.37999999999996 236152.13083684
1.38099999999996 238217.058863445
1.38199999999996 240298.514256695
1.38299999999996 242396.617134893
1.38399999999996 244511.488401298
1.38499999999996 246643.249748651
1.38599999999996 248792.023663792
1.38699999999996 250957.933432233
1.38799999999996 253141.103142808
1.38899999999996 255341.657692287
1.38999999999996 257559.722790078
1.39099999999996 259795.424962912
1.39199999999996 262048.891559575
1.39299999999996 264320.250755624
1.39399999999996 266609.63155818
1.39499999999996 268917.163810703
1.39599999999996 271242.97819783
1.39699999999996 273587.206250177
1.39799999999996 275949.980349249
1.39899999999996 278331.433732282
1.39999999999996 280731.700497206
1.40099999999996 283150.91560753
1.40199999999996 285589.214897359
1.40299999999996 288046.735076314
1.40399999999996 290523.613734621
1.40499999999996 293019.989348095
1.40599999999996 295536.001283217
1.40699999999996 298071.789802231
1.40799999999996 300627.496068247
1.40899999999996 303203.262150382
1.40999999999996 305799.231028919
1.41099999999996 308415.546600527
1.41199999999996 311052.353683426
1.41299999999996 313709.798022682
1.41399999999996 316388.026295433
1.41499999999995 319087.186116209
1.41599999999995 321807.426042242
1.41699999999995 324548.895578822
1.41799999999995 327311.745184649
1.41899999999995 330096.126277276
1.41999999999995 332902.191238483
1.42099999999995 335730.093419763
1.42199999999995 338579.987147802
1.42299999999995 341452.027729985
1.42399999999995 344346.37145991
1.42499999999995 347263.175622987
1.42599999999995 350202.598501994
1.42699999999995 353164.799382721
1.42799999999995 356149.938559588
1.42899999999995 359158.177341357
1.42999999999995 362189.678056782
1.43099999999995 365244.604060378
1.43199999999995 368323.119738155
1.43299999999995 371425.39051344
1.43399999999995 374551.582852624
1.43499999999995 377701.864271074
1.43599999999995 380876.403338946
1.43699999999995 384075.369687132
1.43799999999995 387298.93401316
1.43899999999995 390547.268087153
1.43999999999995 393820.544757825
1.44099999999995 397118.937958493
1.44199999999995 400442.62271312
1.44299999999995 403791.775142384
1.44399999999995 407166.572469789
1.44499999999995 410567.193027807
1.44599999999995 413993.816264016
1.44699999999995 417446.622747324
1.44799999999995 420925.794174155
1.44899999999995 424431.513374761
1.44999999999995 427963.964319419
1.45099999999995 431523.332124844
1.45199999999995 435109.803060454
1.45299999999995 438723.564554795
1.45399999999995 442364.805201919
1.45499999999995 446033.714767837
1.45599999999995 449730.484196977
1.45699999999995 453455.305618697
1.45799999999995 457208.372353808
1.45899999999995 460989.878921131
1.45999999999995 464800.021044095
1.46099999999995 468638.995657374
1.46199999999995 472507.000913529
1.46299999999995 476404.236189711
1.46399999999995 480330.902094359
1.46499999999995 484287.200473993
1.46599999999995 488273.334419967
1.46699999999995 492289.508275315
1.46799999999995 496335.927641563
1.46899999999995 500412.799385652
1.46999999999995 504520.331646836
1.47099999999995 508658.733843649
1.47199999999995 512828.216680865
1.47299999999995 517028.992156529
1.47399999999995 521261.273569032
1.47499999999995 525525.275524131
1.47599999999995 529821.213942119
1.47699999999995 534149.306064973
1.47799999999995 538509.770463538
1.47899999999995 542902.827044705
1.47999999999995 547328.697058719
1.48099999999995 551787.60310646
1.48199999999995 556279.769146717
1.48299999999995 560805.420503634
1.48399999999995 565364.783874015
1.48499999999995 569958.087334797
1.48599999999995 574585.560350487
1.48699999999995 579247.43378073
1.48799999999995 583943.939887729
1.48899999999995 588675.312343916
1.48999999999995 593441.786239496
1.49099999999995 598243.598090126
1.49199999999995 603080.985844557
1.49299999999995 607954.188892376
1.49399999999995 612863.448071732
1.49499999999995 617809.00567715
1.49599999999995 622791.105467316
1.49699999999995 627809.992672986
1.49799999999995 632865.914004815
1.49899999999995 637959.117661365
1.49999999999995 643089.853337017
1.50099999999995 648258.372229982
1.50199999999995 653464.927050415
1.50299999999995 658709.772028394
1.50399999999995 663993.162922116
1.50499999999995 669315.357026035
1.50599999999994 674676.613179044
1.50699999999994 680077.191772723
1.50799999999994 685517.354759614
1.50899999999994 690997.365661535
1.50999999999994 696517.489577898
1.51099999999994 702077.993194156
1.51199999999994 707679.144790169
1.51299999999994 713321.214248721
1.51399999999994 719004.473063996
1.51499999999994 724729.194350168
1.51599999999994 730495.652849886
1.51699999999994 736304.124943021
1.51799999999994 742154.88865527
1.51899999999994 748048.223666847
1.51999999999994 753984.411321281
1.52099999999994 759963.734634144
1.52199999999994 765986.478301919
1.52299999999994 772052.928710869
1.52399999999994 778163.373945899
1.52499999999994 784318.103799548
1.52599999999994 790517.409781003
1.52699999999994 796761.585125041
1.52799999999994 803050.924801205
1.52899999999994 809385.725522845
1.52999999999994 815766.285756317
1.53099999999994 822192.905730179
1.53199999999994 828665.887444406
1.53299999999994 835185.534679689
1.53399999999994 841752.153006777
1.53499999999994 848366.049795823
1.53599999999994 855027.534225814
1.53699999999994 861736.91729399
1.53799999999994 868494.511825433
1.53899999999994 875300.632482467
1.53999999999994 882155.595774386
1.54099999999994 889059.720066976
1.54199999999994 896013.325592273
1.54299999999994 903016.734458178
1.54399999999994 910070.27065836
1.54499999999994 917174.260081879
1.54599999999994 924329.030523232
1.54699999999994 931534.911692112
1.54799999999994 938792.235223367
1.54899999999994 946101.334687069
1.54999999999994 953462.545598414
1.55099999999994 960876.205427897
1.55199999999994 968342.653611418
1.55299999999994 975862.231560422
1.55399999999994 983435.282672099
1.55499999999994 991062.152339706
1.55599999999994 998743.187962827
1.55699999999994 1006478.73895771
1.55799999999994 1014269.15676772
1.55899999999994 1022114.79487372
1.55999999999994 1030016.00880465
1.56099999999994 1037973.15614794
1.56199999999994 1045986.59656027
1.56299999999994 1054056.69177802
1.56399999999994 1062183.8056281
1.56499999999994 1070368.30403858
1.56599999999994 1078610.55504953
1.56699999999994 1086910.92882385
1.56799999999994 1095269.7976581
1.56899999999994 1103687.53599344
1.56999999999994 1112164.52042666
1.57099999999994 1120701.12972108
1.57199999999994 1129297.74481777
1.57299999999994 1137954.7488466
1.57399999999994 1146672.52713735
1.57499999999994 1155451.46723104
1.57599999999994 1164291.95889115
1.57699999999994 1173194.39411493
1.57799999999994 1182159.16714477
1.57899999999994 1191186.67447972
1.57999999999994 1200277.31488677
1.58099999999994 1209431.4894126
1.58199999999994 1218649.60139492
1.58299999999994 1227932.05647432
1.58399999999994 1237279.26260584
1.58499999999994 1246691.63007061
1.58599999999994 1256169.57148785
1.58699999999994 1265713.50182654
1.58799999999994 1275323.83841731
1.58899999999994 1285001.00096448
1.58999999999994 1294745.41155794
1.59099999999994 1304557.49468534
1.59199999999994 1314437.67724397
1.59299999999994 1324386.3885531
1.59399999999994 1334404.06036618
1.59499999999994 1344491.12688292
1.59599999999994 1354648.02476183
1.59699999999993 1364875.19313245
1.59799999999993 1375173.07360777
1.59899999999993 1385542.11029678
1.59999999999993 1395982.74981695
1.60099999999993 1406495.44130683
1.60199999999993 1417080.63643868
1.60299999999993 1427738.78943118
1.60399999999993 1438470.35706219
1.60499999999993 1449275.79868153
1.60599999999993 1460155.57622384
1.60699999999993 1471110.15422158
1.60799999999993 1482139.99981789
1.60899999999993 1493245.58277971
1.60999999999993 1504427.37551085
1.61099999999993 1515685.85306512
1.61199999999993 1527021.49315951
1.61299999999993 1538434.77618749
1.61399999999993 1549926.18523243
1.61499999999993 1561496.20608079
1.61599999999993 1573145.32723561
1.61699999999993 1584874.03993005
1.61799999999993 1596682.83814106
1.61899999999993 1608572.2186027
1.61999999999993 1620542.68082004
1.62099999999993 1632594.72708278
1.62199999999993 1644728.86247919
1.62299999999993 1656945.59490978
1.62399999999993 1669245.43510127
1.62499999999993 1681628.89662061
1.62599999999993 1694096.49588893
1.62699999999993 1706648.75219575
1.62799999999993 1719286.18771301
1.62899999999993 1732009.32750933
1.62999999999993 1744818.69956425
1.63099999999993 1757714.83478267
1.63199999999993 1770698.26700918
1.63299999999993 1783769.53304244
1.63399999999993 1796929.17264979
1.63499999999993 1810177.72858191
1.63599999999993 1823515.74658731
1.63699999999993 1836943.77542708
1.63799999999993 1850462.36688975
1.63899999999993 1864072.07580606
1.63999999999993 1877773.46006381
1.64099999999993 1891567.08062297
1.64199999999993 1905453.50153051
1.64299999999993 1919433.28993571
1.64399999999993 1933507.01610509
1.64499999999993 1947675.25343781
1.64599999999993 1961938.57848091
1.64699999999993 1976297.57094459
1.64799999999993 1990752.8137177
1.64899999999993 2005304.89288322
1.64999999999993 2019954.39773374
1.65099999999993 2034701.92078715
1.65199999999993 2049548.05780239
1.65299999999993 2064493.40779487
1.65399999999993 2079538.57305273
1.65499999999993 2094684.15915245
1.65599999999993 2109930.77497478
1.65699999999993 2125279.03272091
1.65799999999993 2140729.54792849
1.65899999999993 2156282.93948769
1.65999999999993 2171939.82965756
1.66099999999993 2187700.84408225
1.66199999999993 2203566.6118074
1.66299999999993 2219537.76529649
1.66399999999993 2235614.94044742
1.66499999999993 2251798.77660904
1.66599999999993 2268089.91659788
1.66699999999993 2284489.00671468
1.66799999999993 2300996.69676125
1.66899999999993 2317613.64005736
1.66999999999993 2334340.49345765
1.67099999999993 2351177.91736859
1.67199999999993 2368126.57576548
1.67299999999993 2385187.13620972
1.67399999999993 2402360.26986598
1.67499999999993 2419646.6515193
1.67599999999993 2437046.95959272
1.67699999999993 2454561.8761645
1.67799999999993 2472192.08698565
1.67899999999993 2489938.28149762
1.67999999999993 2507801.15284972
1.68099999999993 2525781.39791708
1.68199999999993 2543879.71731829
1.68299999999993 2562096.81543321
1.68399999999993 2580433.40042111
1.68499999999993 2598890.18423854
1.68599999999993 2617467.8826574
1.68699999999993 2636167.21528312
1.68799999999992 2654988.9055731
1.68899999999992 2673933.68085462
1.68999999999992 2693002.27234364
1.69099999999992 2712195.41516302
1.69199999999992 2731513.84836115
1.69299999999992 2750958.31493059
1.69399999999992 2770529.56182663
1.69499999999992 2790228.33998627
1.69599999999992 2810055.40434691
1.69699999999992 2830011.51386544
1.69799999999992 2850097.43153709
1.69899999999992 2870313.92441456
1.69999999999992 2890661.76362734
1.70099999999992 2911141.72440057
1.70199999999992 2931754.58607498
1.70299999999992 2952501.13212566
1.70399999999992 2973382.15018194
1.70499999999992 2994398.4320469
1.70599999999992 3015550.77371683
1.70699999999992 3036839.97540119
1.70799999999992 3058266.84154233
1.70899999999992 3079832.18083518
1.70999999999992 3101536.80624773
1.71099999999992 3123381.53504054
1.71199999999992 3145367.18878719
1.71299999999992 3167494.5933943
1.71399999999992 3189764.57912215
1.71499999999992 3212177.98060466
1.71599999999992 3234735.63687015
1.71699999999992 3257438.39136185
1.71799999999992 3280287.09195836
1.71899999999992 3303282.59099462
1.71999999999992 3326425.74528254
1.72099999999992 3349717.41613193
1.72199999999992 3373158.46937143
1.72299999999992 3396749.77536984
1.72399999999992 3420492.20905694
1.72499999999992 3444386.64994476
1.72599999999992 3468433.98214903
1.72699999999992 3492635.09441063
1.72799999999992 3516990.88011687
1.72899999999992 3541502.23732337
1.72999999999992 3566170.06877525
1.73099999999992 3590995.28192947
1.73199999999992 3615978.7889763
1.73299999999992 3641121.50686124
1.73399999999992 3666424.35730744
1.73499999999992 3691888.26683716
1.73599999999992 3717514.16679451
1.73699999999992 3743302.99336763
1.73799999999992 3769255.6876108
1.73899999999992 3795373.1954673
1.73999999999992 3821656.46779175
1.74099999999992 3848106.46037268
1.74199999999992 3874724.13395554
1.74299999999992 3901510.45426521
1.74399999999992 3928466.39202933
1.74499999999992 3955592.92300097
1.74599999999992 3982891.02798191
1.74699999999992 4010361.69284567
1.74799999999992 4038005.90856122
1.74899999999992 4065824.67121576
1.74999999999992 4093818.98203881
1.75099999999992 4121989.84742535
1.75199999999992 4150338.27895987
1.75299999999992 4178865.2934398
1.75399999999992 4207571.91289943
1.75499999999992 4236459.1646342
1.75599999999992 4265528.08122439
1.75699999999992 4294779.70055925
1.75799999999992 4324215.06586161
1.75899999999992 4353835.22571198
1.75999999999992 4383641.23407301
1.76099999999992 4413634.15031393
1.76199999999992 4443815.03923559
1.76299999999992 4474184.97109453
1.76399999999992 4504745.02162857
1.76499999999992 4535496.27208116
1.76599999999992 4566439.80922669
1.76699999999992 4597576.72539567
1.76799999999992 4628908.11849956
1.76899999999992 4660435.09205674
1.76999999999992 4692158.75521741
1.77099999999992 4724080.22278951
1.77199999999992 4756200.61526379
1.77299999999992 4788521.0588404
1.77399999999992 4821042.685454
1.77499999999992 4853766.63279987
1.77599999999992 4886694.04436022
1.77699999999992 4919826.06943017
1.77799999999991 4953163.86314378
1.77899999999991 4986708.58650087
1.77999999999991 5020461.40639312
1.78099999999991 5054423.49563065
1.78199999999991 5088596.032969
1.78299999999991 5122980.20313542
1.78399999999991 5157577.19685616
1.78499999999991 5192388.21088324
1.78599999999991 5227414.4480217
1.78699999999991 5262657.11715672
1.78799999999991 5298117.43328057
1.78899999999991 5333796.61752075
1.78999999999991 5369695.89716696
1.79099999999991 5405816.5056989
1.79199999999991 5442159.68281394
1.79299999999991 5478726.67445503
1.79399999999991 5515518.73283854
1.79499999999991 5552537.11648277
1.79599999999991 5589783.09023523
1.79699999999991 5627257.92530182
1.79799999999991 5664962.89927477
1.79899999999991 5702899.29616122
1.79999999999991 5741068.40641178
1.80099999999991 5779471.52694956
1.80199999999991 5818109.96119843
1.80299999999991 5856985.01911254
1.80399999999991 5896098.01720513
1.80499999999991 5935450.2785776
1.80599999999991 5975043.13294908
1.80699999999991 6014877.91668551
1.80799999999991 6054955.97282964
1.80899999999991 6095278.65113002
1.80999999999991 6135847.30807121
1.81099999999991 6176663.30690353
1.81199999999991 6217728.01767308
1.81299999999991 6259042.81725166
1.81399999999991 6300609.08936711
1.81499999999991 6342428.22463367
1.81599999999991 6384501.6205825
1.81699999999991 6426830.68169174
1.81799999999991 6469416.81941798
1.81899999999991 6512261.45222663
1.81999999999991 6555366.00562257
1.82099999999991 6598731.91218178
1.82199999999991 6642360.61158206
1.82299999999991 6686253.55063452
1.82399999999991 6730412.18331473
1.82499999999991 6774837.97079454
1.82599999999991 6819532.38147384
1.82699999999991 6864496.89101169
1.82799999999991 6909732.98235883
1.82899999999991 6955242.14578931
1.82999999999991 7001025.87893277
1.83099999999991 7047085.68680709
1.83199999999991 7093423.08184946
1.83299999999991 7140039.5839508
1.83399999999991 7186936.72048663
1.83499999999991 7234116.02635094
1.83599999999991 7281579.04398867
1.83699999999991 7329327.32342837
1.83799999999991 7377362.42231618
1.83899999999991 7425685.90594826
1.83999999999991 7474299.34730446
1.84099999999991 7523204.32708215
1.84199999999991 7572402.43372909
1.84299999999991 7621895.26347821
1.84399999999991 7671684.42038077
1.84499999999991 7721771.5163403
1.84599999999991 7772158.17114756
1.84699999999991 7822846.01251365
1.84799999999991 7873836.67610552
1.84899999999991 7925131.80558004
1.84999999999991 7976733.05261844
1.85099999999991 8028642.07696156
1.85199999999991 8080860.5464444
1.85299999999991 8133390.13703158
1.85399999999991 8186232.53285222
1.85499999999991 8239389.42623547
1.85599999999991 8292862.51774577
1.85699999999991 8346653.5162188
1.85799999999991 8400764.13879672
1.85899999999991 8455196.11096449
1.85999999999991 8509951.16658582
1.86099999999991 8565031.04793881
1.86199999999991 8620437.50575336
1.86299999999991 8676172.29924612
1.86399999999991 8732237.19615812
1.86499999999991 8788633.972791
1.86599999999991 8845364.41404426
1.86699999999991 8902430.31345144
1.86799999999991 8959833.47321817
1.8689999999999 9017575.7042589
1.8699999999999 9075658.82623413
1.8709999999999 9134084.6675882
1.8719999999999 9192855.06558705
1.8729999999999 9251971.86635617
1.8739999999999 9311436.92491763
1.8749999999999 9371252.1052295
1.8759999999999 9431419.2802228
1.8769999999999 9491940.33184098
1.8779999999999 9552817.15107796
1.8789999999999 9614051.63801631
1.8799999999999 9675645.70186707
1.8809999999999 9737601.26100783
1.8819999999999 9799920.24302241
1.8829999999999 9862604.58473996
1.8839999999999 9925656.23227405
1.8849999999999 9989077.14106235
1.8859999999999 10052869.2759068
1.8869999999999 10117034.6110128
1.8879999999999 10181575.1300296
1.8889999999999 10246492.82609
1.8899999999999 10311789.7018511
1.8909999999999 10377467.7695345
1.8919999999999 10443529.0509674
1.8929999999999 10509975.5776216
1.8939999999999 10576809.3906573
1.8949999999999 10644032.5409612
1.8959999999999 10711647.0891896
1.8969999999999 10779655.1058088
1.8979999999999 10848058.6711372
1.8989999999999 10916859.8753864
1.8999999999999 10986060.8187031
1.9009999999999 11055663.6112116
1.9019999999999 11125670.3730554
1.9029999999999 11196083.2344393
1.9039999999999 11266904.3356725
1.9049999999999 11338135.8272105
1.9059999999999 11409779.869698
1.9069999999999 11481838.634012
1.9079999999999 11554314.3013052
1.9089999999999 11627209.0630481
1.9099999999999 11700525.1210732
1.9109999999999 11774264.6876187
1.9119999999999 11848429.9853713
1.9129999999999 11923023.2475109
1.9139999999999 11998046.7177542
1.9149999999999 12073502.650399
1.9159999999999 12149393.3103685
1.9169999999999 12225720.9732559
1.9179999999999 12302487.9253682
1.9189999999999 12379696.463773
1.9199999999999 12457348.896341
1.9209999999999 12535447.5417934
1.9219999999999 12613994.7297453
1.9229999999999 12692992.8007527
1.9239999999999 12772444.1063575
1.9249999999999 12852351.009133
1.9259999999999 12932715.8827302
1.9269999999999 13013541.1119242
1.9279999999999 13094829.0926604
1.9289999999999 13176582.2321004
1.9299999999999 13258802.9486695
1.9309999999999 13341493.6721028
1.9319999999999 13424656.8434927
1.9329999999999 13508294.9153359
1.9339999999999 13592410.3515805
1.9349999999999 13677005.627674
1.9359999999999 13762083.2306105
1.9369999999999 13847645.6589789
1.9379999999999 13933695.4230104
1.9389999999999 14020235.0446274
1.9399999999999 14107267.0574915
1.9409999999999 14194794.0070521
1.9419999999999 14282818.450595
1.9429999999999 14371342.9572912
1.9439999999999 14460370.1082467
1.9449999999999 14549902.4965506
1.9459999999999 14639942.7273258
1.9469999999999 14730493.4177778
1.9479999999999 14821557.1972442
1.9489999999999 14913136.7072454
1.9499999999999 15005234.6015348
1.9509999999999 15097853.5461484
1.9519999999999 15190996.2194558
1.9529999999999 15284665.3122108
1.9539999999999 15378863.5276027
1.9549999999999 15473593.5813058
1.9559999999999 15568858.2015332
1.9569999999999 15664660.1290857
1.9579999999999 15761002.1174049
1.9589999999999 15857886.9326247
1.95999999999989 15955317.3536229
1.96099999999989 16053296.172074
1.96199999999989 16151826.1925006
1.96299999999989 16250910.2323269
1.96399999999989 16350551.1219311
1.96499999999989 16450751.7046982
1.96599999999989 16551514.837073
1.96699999999989 16652843.3886139
1.96799999999989 16754740.2420455
1.96899999999989 16857208.2933129
1.96999999999989 16960250.451636
1.97099999999989 17063869.6395632
1.97199999999989 17168068.7930239
1.97299999999989 17272850.8613865
1.97399999999989 17378218.8075099
1.97499999999989 17484175.6077991
1.97599999999989 17590724.2522625
1.97699999999989 17697867.7445629
1.97799999999989 17805609.1020771
1.97899999999989 17913951.3559484
1.97999999999989 18022897.5511444
1.98099999999989 18132450.7465126
1.98199999999989 18242614.0148346
1.98299999999989 18353390.4428866
1.98399999999989 18464783.1314913
1.98499999999989 18576795.195579
1.98599999999989 18689429.7642414
1.98699999999989 18802689.9807903
1.98799999999989 18916579.0028146
1.98899999999989 19031100.0022385
1.98999999999989 19146256.1653782
1.99099999999989 19262050.6930014
1.99199999999989 19378486.8003843
1.99299999999989 19495567.7173705
1.99399999999989 19613296.6884287
1.99499999999989 19731676.9727146
1.99599999999989 19850711.8441253
1.99699999999989 19970404.5913624
1.99799999999989 20090758.5179904
1.99899999999989 20211776.9424945
1.99999999999989 20333463.1983442
