0 0
0.001 -9.23180932195205e-17
0.002 -5.90835796604931e-15
0.003 -6.72998899570279e-14
0.004 -3.78134909827104e-13
0.005 -1.44247020655428e-12
0.006 -4.3071929572434e-12
0.007 -1.08611313491419e-11
0.008 -2.42006342287328e-11
0.009 -4.90616197778308e-11
0.01 -9.23180932165324e-11
0.011 -1.63547133532691e-10
0.012 -2.75660349237352e-10
0.013 -4.45601803145208e-10
0.014 -6.95112406178333e-10
0.015 -1.05156078019091e-09
0.016 -1.54884058981099e-09
0.017 -2.22833434329373e-09
0.018 -3.13994366237864e-09
0.019 -4.34318602113918e-09
0.02 -5.90835795381059e-09
0.021 -7.91776473157569e-09
0.022 -1.04670165082821e-08
0.023 -1.36663909350565e-08
0.024 -1.76422622437747e-08
0.025 -2.25385967993258e-08
0.026 -2.8518515120611e-08
0.027 -3.57659203701782e-08
0.028 -4.44871933123972e-08
0.029 -5.49129537400385e-08
0.03 -6.72998883691079e-08
0.031 -8.19326452017241e-08
0.032 -9.91257943568522e-08
0.033 -1.19225855368587e-07
0.034 -1.42613390951695e-07
0.035 -1.69705167234028e-07
0.036 -2.00956380455378e-07
0.037 -2.36862950132275e-07
0.038 -2.77963878688136e-07
0.039 -3.24843677548054e-07
0.04 -3.7813485969757e-07
0.041 -4.38520498704364e-07
0.042 -5.06736854201977e-07
0.043 -5.83576063834401e-07
0.044 -6.6988890166022e-07
0.045 -7.6658760301471e-07
0.046 -8.74648755828545e-07
0.047 -9.9511625840088e-07
0.048 -1.12910434362496e-06
0.049 -1.27780066966382e-06
0.05 -1.44246947707359e-06
0.051 -1.62445481237143e-06
0.052 -1.82518381804467e-06
0.053 -2.04617008899824e-06
0.054 -2.28901709543559e-06
0.055 -2.5554216721697e-06
0.056 -2.84717757435829e-06
0.057 -3.16617909965958e-06
0.058 -3.51442477680089e-06
0.059 -3.89402112055565e-06
0.06 -4.30718645312053e-06
0.061 -4.75625479188591e-06
0.062 -5.24367980359183e-06
0.063 -5.77203882485934e-06
0.064 -6.34403694908826e-06
0.065 -6.96251117971177e-06
0.066 -7.63043464979422e-06
0.067 -8.35092090796219e-06
0.068 -9.12722827065372e-06
0.069 -9.96276424067191e-06
0.07 -1.08610899920286e-05
0.071 -1.18259249210588e-05
0.0720000000000001 -1.28611512637895e-05
0.0730000000000001 -1.3970818779544e-05
0.0740000000000001 -1.51591495007607e-05
0.0750000000000001 -1.64305425490003e-05
0.0760000000000001 -1.77895790171263e-05
0.0770000000000001 -1.92410269176228e-05
0.0780000000000001 -2.07898461970291e-05
0.0790000000000001 -2.24411938164593e-05
0.0800000000000001 -2.42004288981778e-05
0.0810000000000001 -2.60731179381909e-05
0.0820000000000001 -2.80650400848319e-05
0.0830000000000001 -3.01821924832831e-05
0.0840000000000001 -3.24307956860145e-05
0.0850000000000001 -3.48172991290797e-05
0.0860000000000001 -3.73483866742322e-05
0.0870000000000001 -4.00309822168156e-05
0.0880000000000001 -4.28722553593659e-05
0.0890000000000001 -4.58796271508817e-05
0.0900000000000001 -4.90607758916977e-05
0.0910000000000001 -5.24236430039108e-05
0.0920000000000001 -5.5976438967275e-05
0.0930000000000001 -5.97276493205165e-05
0.0940000000000001 -6.36860407279829e-05
0.0950000000000001 -6.7860667111564e-05
0.0960000000000001 -7.22608758477752e-05
0.0970000000000001 -7.68963140299664e-05
0.0980000000000001 -8.17769347955035e-05
0.0990000000000001 -8.69130037178938e-05
0.1 -9.23151052637014e-05
0.101 -9.7994149314175e-05
0.102 -0.000103961377751483
0.103 -0.000110228371109407
0.104 -0.00011680705528841
0.105 -0.000123709708334931
0.106 -0.000130948967284762
0.107 -0.000138537835070392
0.108 -0.000146489687492152
0.109 -0.000154818280252983
0.11 -0.000163537756056734
0.111 -0.000172662651769726
0.112 -0.00018220790564548
0.113 -0.000192188864612379
0.114 -0.000202621291624073
0.115 -0.000213521373072442
0.116 -0.000224905726262879
0.117 -0.000236791406951658
0.118 -0.000249195916945216
0.119 -0.000262137211761013
0.12 -0.000275633708349777
0.121 -0.000289704292878845
0.122 -0.000304368328576359
0.123 -0.000319645663635917
0.124 -0.000335556639181522
0.125 -0.000352122097292425
0.126 -0.000369363389087503
0.127 -0.000387302382868974
0.128 -0.000405961472324867
0.129 -0.000425363584790143
0.13 -0.000445532189565797
0.131 -0.00046649130629579
0.132 -0.00048826551340129
0.133 -0.000510879956571659
0.134 -0.000534360357312005
0.135 -0.000558733021546588
0.136 -0.000584024848277726
0.137 -0.000610263338299684
0.138 -0.0006374766029669
0.139 -0.000665693373016206
0.14 -0.000694943007442305
0.141 -0.000725255502426013
0.142 -0.000756661500314569
0.143 -0.00078919229865352
0.144 -0.000822879859269455
0.145 -0.000857756817402751
0.146 -0.000893856490889999
0.147 -0.000931212889395017
0.148 -0.000969860723687935
0.149 -0.00100983541497137
0.15 -0.00105117310425321
0.151 -0.00109391066176476
0.152 -0.00113808569642372
0.153 -0.00118373656534091
0.154 -0.00123090238337002
0.155 -0.00127962303269912
0.156 -0.00132993917248328
0.157 -0.00138189224851704
0.158 -0.00143552450294589
0.159 -0.00149087898401542
0.16 -0.00154799955585723
0.161 -0.00160693090831051
0.162 -0.00166771856677752
0.163 -0.00173040890211286
0.164 -0.00179504914054384
0.165 -0.001861687373622
0.166 -0.00193037256820351
0.167 -0.00200115457645716
0.168 -0.00207408414589922
0.169 -0.00214921292945273
0.17 -0.00222659349553017
0.171 -0.00230627933813818
0.172 -0.00238832488700203
0.173 -0.00247278551770906
0.174 -0.00255971756186825
0.175 -0.00264917831728519
0.176 -0.00274122605815036
0.177 -0.00283592004523827
0.178 -0.00293332053611618
0.179 -0.00303348879536013
0.18 -0.00313648710477665
0.181 -0.00324237877362681
0.182 -0.00335122814885261
0.183 -0.00346310062530102
0.184 -0.00357806265594521
0.185 -0.00369618176209996
0.186 -0.00381752654362853
0.187 -0.00394216668913953
0.188 -0.00407017298616944
0.189 -0.00420161733135051
0.19 -0.00433657274055911
0.191 -0.00447511335904351
0.192 -0.00461731447152681
0.193 -0.0047632525122835
0.194 -0.00491300507518551
0.195 -0.00506665092371487
0.196 -0.0052242700009412
0.197 -0.00538594343945822
0.198 -0.00555175357127857
0.199 -0.00572178393768147
0.2 -0.00589611929901168
0.201 -0.00607484564442405
0.202 -0.00625805020157182
0.203 -0.00644582144623377
0.204 -0.00663824911187693
0.205 -0.00683542419915047
0.206 -0.00703743898530711
0.207 -0.00724438703354789
0.208 -0.00745636320228494
0.209 -0.00767346365432016
0.21 -0.00789578586593292
0.211 -0.00812342863587364
0.212 -0.00835649209425782
0.213 -0.00859507771135621
0.214 -0.00883928830627659
0.215 -0.00908922805553067
0.216 -0.00934500250148131
0.217 -0.00960671856066744
0.218 -0.00987448453199666
0.219 -0.010148410104804
0.22 -0.010428606366768
0.221 -0.0107151858116821
0.222 -0.0110082623470715
0.223 -0.0113079513016502
0.224 -0.0116143694326161
0.225 -0.0119276349327718
0.226 -0.0122478674374674
0.227 -0.0125751880313607
0.228 -0.0129097192549833
0.229 -0.0132515851111115
0.23 -0.0136009110709274
0.231 -0.0139578240799714
0.232 -0.0143224525638716
0.233 -0.0146949264338466
0.234 -0.0150753770919722
0.235 -0.0154639374362057
0.236 -0.0158607418651559
0.237 -0.0162659262825974
0.238 -0.016679628101711
0.239 -0.0171019862490534
0.24 -0.0175331411682351
0.241 -0.0179732348233077
0.242 -0.0184224107018456
0.243 -0.0188808138177123
0.244 -0.0193485907135088
0.245 -0.0198258894626827
0.246 -0.0203128596712999
0.247 -0.0208096524794601
0.248 -0.0213164205623491
0.249 -0.0218333181309194
0.25 -0.0223605009321816
0.251 -0.0228981262491042
0.252 -0.0234463529001024
0.253 -0.0240053412381108
0.254 -0.0245752531492227
0.255 -0.0251562520508894
0.256 -0.0257485028896646
0.257 -0.0263521721384764
0.258 -0.0269674277934266
0.259 -0.0275944393700919
0.26 -0.0282333778993194
0.261 -0.0288844159225044
0.262 -0.0295477274863328
0.263 -0.0302234881369743
0.264 -0.0309118749137185
0.265 -0.031613066342028
0.266 -0.0323272424260071
0.267 -0.0330545846402566
0.268 -0.0337952759211137
0.269 -0.0345495006572475
0.27 -0.0353174446796062
0.271 -0.0360992952506915
0.272 -0.0368952410531449
0.273 -0.0377054721776335
0.274 -0.0385301801100132
0.275 -0.0393695577177549
0.276 -0.0402237992356067
0.277 -0.0410931002504944
0.278 -0.0419776576856163
0.279 -0.0428776697837365
0.28 -0.0437933360896313
0.281 -0.0447248574317058
0.282 -0.0456724359027186
0.283 -0.0466362748396283
0.284 -0.0476165788025229
0.285 -0.0486135535526126
0.286 -0.0496274060292782
0.287 -0.0506583443261317
0.288 -0.0517065776660827
0.289 -0.0527723163753848
0.29 -0.0538557718566327
0.291 -0.0549571565607016
0.292 -0.0560766839575771
0.293 -0.0572145685060887
0.294 -0.0583710256224928
0.295 -0.0595462716478797
0.296 -0.0607405238144175
0.297 -0.0619540002103466
0.298 -0.0631869197437531
0.299 -0.0644395021050617
0.3 -0.065711967728231
0.301 -0.0670045377506259
0.302 -0.0683174339715341
0.303 -0.0696508788093029
0.304 -0.071005095257057
0.305 -0.0723803068369825
0.306 -0.0737767375531322
0.307 -0.0751946118427348
0.308 -0.0766341545259703
0.309 -0.0780955907541652
0.31 -0.0795791459564101
0.311 -0.0810850457845382
0.312 -0.0826135160564311
0.313 -0.0841647826976464
0.314 -0.0857390716812891
0.315 -0.0873366089661383
0.316 -0.0889576204329566
0.317 -0.0906023318189614
0.318 -0.0922709686504335
0.319 -0.093963756173391
0.32 -0.0956809192823348
0.321 -0.0974226824469879
0.322 -0.0991892696370176
0.323 -0.100980904244682
0.324 -0.102797809005374
0.325 -0.104640205916007
0.326 -0.106508316151229
0.327 -0.108402359977369
0.328 -0.110322556664146
0.329 -0.112269124394036
0.33 -0.114242280169277
0.331 -0.116242239716463
0.332 -0.118269217388697
0.333 -0.120323426065233
0.334 -0.122405077048561
0.335 -0.12451437995892
0.336 -0.126651542626139
0.337 -0.128816770978813
0.338 -0.131010268930708
0.339 -0.133232238264394
0.34 -0.135482878512022
0.341 -0.137762386833206
0.342 -0.140070957889941
0.343 -0.142408783718555
0.344 -0.144776053598554
0.345 -0.147172953918369
0.346 -0.149599668037965
0.347 -0.152056376148171
0.348 -0.154543255126754
0.349 -0.15706047839114
0.35 -0.159608215747751
0.351 -0.162186633237831
0.352 -0.164795892979804
0.353 -0.167436153007988
0.354 -0.170107567107713
0.355 -0.172810284646682
0.356 -0.175544450402558
0.357 -0.178310204386738
0.358 -0.181107681664169
0.359 -0.183937012169212
0.36 -0.186798320517461
0.361 -0.189691725813405
0.362 -0.192617341453964
0.363 -0.195575274927697
0.364 -0.198565627609735
0.365 -0.201588494552247
0.366 -0.204643964270499
0.367 -0.207732118524271
0.368 -0.210853032094719
0.369 -0.214006772556459
0.37 -0.217193400044916
0.371 -0.220412967018752
0.372 -0.223665518017376
0.373 -0.226951089413422
0.374 -0.230269709160069
0.375 -0.23362139653322
0.376 -0.237006161868336
0.377 -0.240424006291939
0.378 -0.243874921447625
0.379 -0.247358889216543
0.38 -0.250875881432216
0.381 -0.254425859589666
0.382 -0.258008774548653
0.383 -0.261624566231068
0.384 -0.26527316331223
0.385 -0.268954482906168
0.386 -0.272668430244596
0.387 -0.276414898349659
0.388 -0.280193767700228
0.389 -0.284004905891687
0.39 -0.287848167289155
0.391 -0.291723392673926
0.392 -0.295630408883117
0.393 -0.299569028442411
0.394 -0.303539049191721
0.395 -0.307540253903742
0.396 -0.311572409895219
0.397 -0.315635268630855
0.398 -0.319728565319753
0.399 -0.323852018504221
0.4 -0.328005329640894
0.401 -0.332188182674005
0.402 -0.336400243600704
0.403 -0.340641160028303
0.404 -0.344910560723326
0.405 -0.349208055152222
0.406 -0.353533233013624
0.407 -0.357885663762089
0.408 -0.36226489612303
0.409 -0.366670457598913
0.41 -0.371101853966416
0.411 -0.375558568764506
0.412 -0.380040062773306
0.413 -0.38454577348353
0.414 -0.389075114556441
0.415 -0.39362747527414
0.416 -0.39820221998009
0.417 -0.402798687509608
0.418 -0.407416190610379
0.419 -0.412054015352674
0.42 -0.416711420529159
0.421 -0.421387637044244
0.422 -0.426081867292646
0.423 -0.430793284527212
0.424 -0.435521032215623
0.425 -0.440264223386058
0.426 -0.44502193996144
0.427 -0.449793232082241
0.428 -0.454577117417663
0.429 -0.459372580464906
0.43 -0.464178571836602
0.431 -0.468994007535985
0.432 -0.473817768219726
0.433 -0.478648698448386
0.434 -0.483485605924045
0.435 -0.488327260715202
0.436 -0.493172394468516
0.437 -0.498019699607479
0.438 -0.502867828517542
0.439 -0.50771539271778
0.44 -0.512560962018631
0.441 -0.517403063665795
0.442 -0.522240181469951
0.443 -0.527070754922023
0.444 -0.531893178294033
0.445 -0.536705799725032
0.446 -0.541506920292224
0.447 -0.546294793066851
0.448 -0.551067622154711
0.449 -0.555823561721095
0.45 -0.56056071499996
0.451 -0.565277133287104
0.452 -0.569970814917025
0.453 -0.574639704223461
0.454 -0.579281690483233
0.455 -0.583894606843112
0.456 -0.588476229229743
0.457 -0.593024275242041
0.458 -0.597536403026181
0.459 -0.602010210132688
0.46 -0.60644323235543
0.461 -0.610832942552552
0.462 -0.61517674944859
0.463 -0.619471996418069
0.464 -0.623715960249935
0.465 -0.627905849892773
0.466 -0.632038805180528
0.467 -0.636111895538446
0.468 -0.640122118668913
0.469 -0.644066399217117
0.47 -0.647941587416096
0.471 -0.651744457710966
0.472 -0.655471707362028
0.473 -0.659119955026632
0.474 -0.662685739319264
0.475 -0.666165517349796
0.476 -0.669555663239525
0.477 -0.672852466614734
0.478 -0.676052131077477
0.479 -0.679150772653308
0.48 -0.682144418215704
0.481 -0.685029003886751
0.482 -0.687800373413997
0.483 -0.690454276522986
0.484 -0.692986367245226
0.485 -0.695392202221357
0.486 -0.697667238979128
0.487 -0.699806834185849
0.488 -0.701806241875076
0.489 -0.703660611647121
0.49 -0.705364986843233
0.491 -0.706914302692786
0.492 -0.708303384433578
0.493 -0.709526945404492
0.494 -0.710579585110543
0.495 -0.711455787259634
0.496 -0.712149917770971
0.497 -0.712656222754509
0.498 -0.712968826461428
0.499 -0.713081729204879
0.5 -0.712988805250881
0.501 -0.71268380067911
0.502 -0.712160331212815
0.503 -0.711411880018003
0.504 -0.710431795471
0.505 -0.709213288894494
0.506 -0.707749432261294
0.507 -0.706033155865631
0.508 -0.704057245961545
0.509 -0.70181434236801
0.51 -0.69929693604028
0.511 -0.696497366607232
0.512 -0.693407819874102
0.513 -0.690020325290416
0.514 -0.686326753382564
0.515 -0.682318813150502
0.516 -0.677988049428554
0.517 -0.673325840209316
0.518 -0.66832339393076
0.519 -0.662971746725852
0.52 -0.657261759634107
0.521 -0.651184115775064
0.522 -0.644729317482757
0.523 -0.637887683401115
0.524 -0.630649345539502
0.525 -0.623004246288311
0.526 -0.614942135393725
0.527 -0.60645256689156
0.528 -0.597524895999512
0.529 -0.588148275967288
0.53 -0.578311654884326
0.531 -0.568003772444419
0.532 -0.557213156666947
0.533 -0.54592812057395
0.534 -0.534136758822952
0.535 -0.521826944294491
0.536 -0.508986324634406
0.537 -0.495602318749925
0.538 -0.481662113259229
0.539 -0.467152658894067
0.54 -0.452060666854595
0.541 -0.43637260511618
0.542 -0.420074694687525
0.543 -0.403152905819538
0.544 -0.385592954164425
0.545 -0.367380296884498
0.546 -0.348500128710059
0.547 -0.328937377945816
0.548 -0.308676702425333
0.549 -0.287702485412812
0.55 -0.265998831451731
0.551 -0.243549562159706
0.552 -0.220338211968983
0.553 -0.196348023811979
0.554 -0.171561944751252
0.555 -0.145962621553314
0.556 -0.119532396205653
0.557 -0.0922533013763279
0.558 -0.0641070558155856
0.559 -0.0350750596987647
0.56 -0.00513838990993069
0.561 0.0257222047344364
0.562 0.0575263083223394
0.563 0.0902938427444047
0.564 0.124045072653922
0.565 0.158800610489464
0.566 0.194581421560709
0.567 0.231408829198231
0.568 0.269304519967857
0.569 0.308290548950302
0.57 0.348389345086829
0.571 0.38962371659157
0.572 0.432016856431264
0.573 0.475592347873038
0.574 0.520374170101136
0.575 0.566386703903115
0.576 0.613654737426357
0.577 0.662203472005619
0.578 0.712058528062371
0.579 0.763245951076592
0.58 0.815792217632034
0.581 0.869724241535329
0.582 0.925069380010043
0.583 0.981855439966356
0.584 1.04011068434706
0.585 1.0998638385508
0.586 1.16114409693332
0.587 1.22398112938742
0.588 1.28840508800257
0.589 1.35444661380508
0.59 1.42213684357925
0.591 1.49150741677084
0.592 1.56259048247343
0.593 1.63541870649844
0.594 1.71002527853003
0.595 1.78644391936522
0.596 1.86470888824062
0.597 1.94485499024623
0.598 2.02691758382744
0.599 2.11093258837626
0.6 2.19693649191217
0.601 2.28496635885385
0.602 2.37505983788297
0.603 2.4672551699003
0.604 2.56159119607568
0.605 2.65810736599234
0.606 2.75684374588681
0.607 2.85784102698544
0.608 2.96114053393808
0.609 3.0667842333502
0.61 3.17481474241445
0.611 3.28527533764268
0.612 3.39820996369899
0.613 3.51366324233534
0.614 3.63168048143051
0.615 3.75230768413367
0.616 3.87559155811249
0.617 4.00157952490903
0.618 4.13031972940188
0.619 4.26186104937763
0.62 4.39625310521154
0.621 4.53354626965928
0.622 4.67379167775968
0.623 4.81704123685154
0.624 4.96334763670306
0.625 5.11276435975696
0.626 5.26534569149215
0.627 5.42114673090206
0.628 5.58022340109124
0.629 5.74263245999235
0.63 5.90843151120319
0.631 6.07767901494595
0.632 6.25043429914879
0.633 6.42675757065302
0.634 6.60670992654447
0.635 6.79035336561161
0.636 6.97775079993213
0.637 7.16896606658838
0.638 7.36406393951191
0.639 7.56311014146165
0.64 7.76617135613272
0.641 7.97331524040061
0.642 8.18461043669998
0.643 8.40012658554039
0.644 8.6199343381595
0.645 8.84410536931527
0.646 9.07271239021937
0.647 9.30582916161157
0.648 9.54353050697723
0.649 9.78589232590979
0.65 10.0329916076186
0.651 10.2849064445836
0.652 10.5417160463587
0.653 10.8035007535255
0.654 11.0703420517978
0.655 11.3423225862783
0.656 11.6195261758704
0.657 11.9020378278445
0.658 12.189943752562
0.659 12.4833313783569
0.66 12.7822893665785
0.661 13.0869076267925
0.662 13.3972773321495
0.663 13.7134909349127
0.664 14.0356421821548
0.665 14.3638261316215
0.666 14.6981391677621
0.667 15.0386790179324
0.668 15.3855447687686
0.669 15.738836882734
0.67 16.0986572148434
0.671 16.4651090295585
0.672 16.8382970178687
0.673 17.218327314545
0.674 17.60530751558
0.675 17.9993466958086
0.676 18.400555426713
0.677 18.8090457944153
0.678 19.2249314178585
0.679 19.648327467175
0.68 20.0793506822478
0.681 20.518119391465
0.682 20.9647535306671
0.683 21.4193746622956
0.684 21.8821059947331
0.685 22.353072401847
0.686 22.8324004427369
0.687 23.3202183816814
0.688000000000001 23.8166562082918
0.689000000000001 24.3218456578752
0.690000000000001 24.8359202320032
0.691000000000001 25.3590152192906
0.692000000000001 25.8912677163921
0.693000000000001 26.4328166492098
0.694000000000001 26.9838027943142
0.695000000000001 27.5443688005898
0.696000000000001 28.1146592110951
0.697000000000001 28.6948204851501
0.698000000000001 29.2850010206423
0.699000000000001 29.8853511765612
0.700000000000001 30.496023295761
0.701000000000001 31.117171727953
0.702000000000001 31.74895285293
0.703000000000001 32.3915251040215
0.704000000000001 33.0450489917889
0.705000000000001 33.7096871279578
0.706000000000001 34.3856042495856
0.707000000000001 35.0729672434792
0.708000000000001 35.7719451708487
0.709000000000001 36.4827092922125
0.710000000000001 37.2054330925468
0.711000000000001 37.9402923066883
0.712000000000001 38.6874649449897
0.713000000000001 39.4471313192271
0.714000000000001 40.2194740687641
0.715000000000001 41.0046781869787
0.716000000000001 41.8029310479474
0.717000000000001 42.614422433393
0.718000000000001 43.4393445599031
0.719000000000001 44.2778921064065
0.720000000000001 45.1302622419287
0.721000000000001 45.9966546536142
0.722000000000001 46.8772715750308
0.723000000000001 47.7723178147363
0.724000000000001 48.6820007851417
0.725000000000001 49.6065305316457
0.726000000000001 50.5461197620479
0.727000000000001 51.5009838762707
0.728000000000001 52.4713409963371
0.729000000000001 53.4574119966683
0.730000000000001 54.4594205346625
0.731000000000001 55.4775930815635
0.732000000000001 56.5121589536432
0.733000000000001 57.5633503436695
0.734000000000001 58.631402352687
0.735000000000001 59.7165530221027
0.736000000000001 60.8190433660707
0.737000000000001 61.9391174042026
0.738000000000001 63.0770221945826
0.739000000000001 64.2330078670924
0.740000000000001 65.407327657067
0.741000000000001 66.6002379392682
0.742000000000001 67.811998262175
0.743000000000001 69.0428713826066
0.744000000000001 70.2931233006733
0.745000000000001 71.5630232950617
0.746000000000001 72.8528439586439
0.747000000000001 74.162861234438
0.748000000000001 75.4933544519002
0.749000000000001 76.8446063635563
0.750000000000001 78.2169031819916
0.751000000000001 79.6105346171677
0.752000000000001 81.0257939141175
0.753000000000001 82.4629778909708
0.754000000000001 83.9223869773412
0.755000000000001 85.404325253088
0.756000000000001 86.9091004874178
0.757000000000001 88.437024178369
0.758000000000001 89.9884115926516
0.759000000000001 91.5635818058685
0.760000000000001 93.1628577431058
0.761000000000001 94.7865662198987
0.762000000000001 96.4350379835785
0.763000000000001 98.1086077550098
0.764000000000001 99.8076142706947
0.765000000000001 101.532400325295
0.766000000000001 103.283312814514
0.767000000000001 105.060702778402
0.768000000000001 106.864925445042
0.769000000000001 108.696340274643
0.770000000000001 110.555311004042
0.771000000000001 112.4422056916
0.772000000000001 114.357396762527
0.773000000000001 116.301261054617
0.774000000000001 118.274179864385
0.775000000000001 120.276538993641
0.776000000000001 122.308728796481
0.777000000000001 124.371144226719
0.778000000000001 126.464184885718
0.779000000000001 128.588255070693
0.780000000000001 130.743763823423
0.781000000000001 132.931124979421
0.782000000000001 135.150757217533
0.783000000000001 137.403084110005
0.784000000000001 139.688534172974
0.785000000000001 142.007540917444
0.786000000000001 144.360542900694
0.787000000000001 146.747983778157
0.788000000000001 149.170312355782
0.789000000000001 151.62798264282
0.790000000000001 154.121453905137
0.791000000000001 156.651190718961
0.792000000000001 159.217663025126
0.793000000000001 161.821346183801
0.794000000000001 164.462721029691
0.795000000000001 167.142273927756
0.796000000000001 169.860496829392
0.797000000000001 172.617887329132
0.798000000000001 175.414948721837
0.799000000000001 178.252190060413
0.800000000000001 181.130126213996
0.801000000000001 184.049277926706
0.802000000000001 187.010171876862
0.803000000000001 190.013340736765
0.804000000000001 193.059323232965
0.805000000000001 196.148664207109
0.806000000000001 199.281914677254
0.807000000000001 202.459631899775
0.808000000000001 205.682379431787
0.809000000000001 208.950727194122
0.810000000000001 212.265251534836
0.811000000000001 215.626535293302
0.812000000000001 219.035167864817
0.813000000000001 222.491745265827
0.814000000000001 225.996870199654
0.815000000000001 229.551152122843
0.816000000000001 233.155207312058
0.817000000000001 236.809658931554
0.818000000000001 240.51513710127
0.819000000000001 244.272278965427
0.820000000000001 248.081728761819
0.821000000000001 251.944137891617
0.822000000000001 255.860164989822
0.823000000000001 259.83047599629
0.824000000000001 263.855744227397
0.825000000000001 267.936650448288
0.826000000000001 272.073882945766
0.827000000000001 276.268137601779
0.828000000000001 280.520117967574
0.829000000000001 284.83053533843
0.830000000000001 289.200108829065
0.831000000000001 293.62956544967
0.832000000000001 298.119640182603
0.833000000000001 302.671076059693
0.834000000000001 307.284624240251
0.835000000000001 311.961044089711
0.836000000000001 316.701103258914
0.837000000000001 321.505577764119
0.838000000000001 326.375252067644
0.839000000000001 331.310919159179
0.840000000000001 336.313380637817
0.841000000000001 341.383446794759
0.842000000000001 346.521936696691
0.843000000000001 351.729678269901
0.844000000000001 357.007508385049
0.845000000000001 362.356272942693
0.846000000000001 367.776826959495
0.847000000000001 373.270034655165
0.848000000000001 378.836769540117
0.849000000000001 384.477914503869
0.850000000000001 390.194361904147
0.851000000000001 395.987013656751
0.852000000000001 401.856781326181
0.853000000000001 407.804586216971
0.854000000000001 413.831359465806
0.855000000000001 419.938042134404
0.856000000000001 426.125585303143
0.857000000000001 432.394950165461
0.858000000000001 438.747108123063
0.859000000000001 445.183040881863
0.860000000000001 451.703740548747
0.861000000000001 458.310209729142
0.862000000000001 465.003461625337
0.863000000000001 471.784520135612
0.864000000000001 478.654419954253
0.865000000000001 485.614206672283
0.866000000000001 492.664936879084
0.867000000000001 499.807678264795
0.868000000000001 507.043509723583
0.869000000000001 514.373521457745
0.870000000000001 521.798815082615
0.871000000000001 529.320503732386
0.872000000000001 536.939712166768
0.873000000000001 544.657576878419
0.874000000000001 552.47524620139
0.875000000000001 560.39388042036
0.876000000000001 568.414651880742
0.877000000000001 576.538745099708
0.878000000000001 584.767356878085
0.879000000000001 593.101696413206
0.880000000000001 601.542985412558
0.881000000000001 610.092458208424
0.882000000000001 618.751361873419
0.883000000000001 627.520956336954
0.884000000000001 636.402514502638
0.885000000000001 645.397322366552
0.886000000000001 654.506679136571
0.887000000000001 663.731897352543
0.888000000000001 673.074303007491
0.889000000000001 682.535235669722
0.890000000000001 692.116048605881
0.891000000000001 701.81810890513
0.892000000000001 711.642797604142
0.893000000000001 721.591509813112
0.894000000000001 731.66565484285
0.895000000000001 741.866656332843
0.896000000000001 752.195952380171
0.897000000000001 762.654995669749
0.898000000000001 773.245253605242
0.899000000000001 783.968208441303
0.900000000000001 794.825357416677
0.901000000000001 805.818212888337
0.902000000000001 816.948302466811
0.903000000000001 828.21716915241
0.904000000000001 839.626371472638
0.905000000000001 851.177483620583
0.906000000000001 862.872095594429
0.907000000000001 874.711813338062
0.908000000000001 886.698258882752
0.909000000000001 898.833070489941
0.910000000000001 911.117902795086
0.911000000000001 923.554426952761
0.912000000000001 936.144330782657
0.913000000000001 948.889318916926
0.914000000000001 961.791112948553
0.915000000000001 974.851451580889
0.916000000000001 988.072090778271
0.917000000000001 1001.454803918
0.918000000000001 1015.00138194323
0.919000000000001 1028.7136335172
0.920000000000001 1042.59338517862
0.921000000000001 1056.64248149816
0.922000000000001 1070.86278523628
0.923000000000001 1085.25617750218
0.924000000000001 1099.8245579139
0.925000000000001 1114.56984475981
0.926000000000001 1129.49397516108
0.927000000000001 1144.59890523583
0.928000000000001 1159.88661026385
0.929000000000001 1175.35908485327
0.930000000000001 1191.01834310805
0.931000000000001 1206.86641879685
0.932000000000001 1222.90536552324
0.933000000000001 1239.13725689714
0.934000000000001 1255.56418670759
0.935000000000001 1272.18826909675
0.936000000000001 1289.01163873528
0.937000000000001 1306.03645099904
0.938000000000001 1323.2648821471
0.939000000000001 1340.69912950104
0.940000000000001 1358.34141162567
0.941000000000001 1376.19396851113
0.942000000000001 1394.25906175615
0.943000000000001 1412.53897475296
0.944000000000001 1431.03601287345
0.945000000000001 1449.75250365656
0.946000000000001 1468.69079699745
0.947000000000001 1487.85326533768
0.948000000000001 1507.24230385703
0.949000000000001 1526.86033066676
0.950000000000001 1546.70978700405
0.951000000000001 1566.79313742831
0.952000000000001 1587.11287001853
0.953000000000001 1607.67149657225
0.954000000000001 1628.47155280618
0.955000000000001 1649.51559855794
0.956000000000001 1670.80621798958
0.957000000000001 1692.3460197925
0.958000000000001 1714.13763739389
0.959000000000001 1736.18372916454
0.960000000000001 1758.48697862852
0.961000000000001 1781.05009467402
0.962000000000001 1803.875811766
0.963000000000001 1826.96689016021
0.964000000000001 1850.32611611897
0.965000000000001 1873.95630212837
0.966000000000001 1897.86028711709
0.967000000000001 1922.04093667683
0.968000000000001 1946.50114328444
0.969000000000001 1971.24382652545
0.970000000000001 1996.27193331936
0.971000000000001 2021.58843814662
0.972000000000001 2047.19634327723
0.973000000000001 2073.09867900072
0.974000000000001 2099.29850385841
0.975000000000001 2125.79890487649
0.976000000000001 2152.60299780175
0.977000000000001 2179.71392733811
0.978000000000001 2207.13486738565
0.979000000000001 2234.86902128059
0.980000000000001 2262.91962203762
0.981000000000001 2291.28993259374
0.982000000000001 2319.98324605373
0.983000000000001 2349.00288593758
0.984000000000001 2378.35220642953
0.985000000000001 2408.03459262915
0.986000000000001 2438.05346080373
0.987000000000001 2468.4122586431
0.988000000000001 2499.11446551563
0.989000000000001 2530.16359272675
0.990000000000001 2561.56318377847
0.991000000000001 2593.31681463162
0.992000000000001 2625.42809396923
0.993000000000001 2657.90066346235
0.994000000000001 2690.73819803725
0.995000000000001 2723.94440614492
0.996000000000001 2757.52303003217
0.997000000000001 2791.47784601498
0.998000000000001 2825.81266475339
0.999000000000001 2860.53133152865
1 2895.63772652215
1.001 2931.13576509639
1.002 2967.02939807779
1.003 3003.32261204188
1.004 3040.01942959982
1.005 3077.12390968761
1.006 3114.64014785692
1.007 3152.57227656808
1.008 3190.92446548508
1.009 3229.70092177274
1.01 3268.90589039577
1.011 3308.54365442014
1.012 3348.61853531622
1.013 3389.13489326447
1.014 3430.09712746285
1.015 3471.50967643642
1.016 3513.3770183497
1.017 3555.70367132006
1.018 3598.49419373432
1.019 3641.75318456695
1.02 3685.48528370075
1.021 3729.69517224963
1.022 3774.38757288338
1.023 3819.56725015546
1.024 3865.23901083194
1.025 3911.40770422352
1.026 3958.0782225197
1.027 4005.25550112485
1.028 4052.94451899719
1.029 4101.15029898934
1.03 4149.877908192
1.031 4199.13245827929
1.032 4248.91910585708
1.033 4299.24305281304
1.034 4350.10954666958
1.035 4401.52388093905
1.036 4453.49139548116
1.037 4506.01747686312
1.038 4559.1075587221
1.039 4612.76712212999
1.04 4667.00169596105
1.041 4721.81685726148
1.042 4777.2182316221
1.043 4833.21149355287
1.044 4889.80236686043
1.045 4946.99662502858
1.046 5004.80009159998
1.047 5063.21864056154
1.048 5122.2581967325
1.049 5181.92473615415
1.05 5242.22428648308
1.051 5303.16292738661
1.05199999999999 5364.74679094076
1.05299999999999 5426.98206203167
1.05399999999999 5489.87497875853
1.05499999999999 5553.43183283996
1.05599999999999 5617.6589700234
1.05699999999999 5682.56279049602
1.05799999999999 5748.14974929967
1.05899999999999 5814.42635674778
1.05999999999999 5881.39917884538
1.06099999999999 5949.07483771185
1.06199999999999 6017.46001200637
1.06299999999999 6086.56143735633
1.06399999999999 6156.38590678821
1.06499999999999 6226.94027116208
1.06599999999999 6298.23143960838
1.06699999999999 6370.26637996706
1.06799999999999 6443.05211923138
1.06899999999999 6516.59574399257
1.06999999999999 6590.90440088874
1.07099999999999 6665.98529705644
1.07199999999999 6741.84570058478
1.07299999999999 6818.49294097295
1.07399999999999 6895.93440959122
1.07499999999999 6974.17756014352
1.07599999999999 7053.22990913449
1.07699999999999 7133.09903633868
1.07799999999999 7213.79258527368
1.07899999999999 7295.31826367469
1.07999999999999 7377.68384397494
1.08099999999999 7460.89716378594
1.08199999999999 7544.96612638392
1.08299999999999 7629.89870119673
1.08399999999999 7715.70292429632
1.08499999999999 7802.38689889265
1.08599999999999 7889.9587958316
1.08699999999999 7978.42685409628
1.08799999999999 8067.79938131057
1.08899999999999 8158.08475424743
1.08999999999999 8249.29141933861
1.09099999999999 8341.42789319038
1.09199999999999 8434.50276309885
1.09299999999999 8528.52468757228
1.09399999999999 8623.50239685478
1.09499999999999 8719.44469345347
1.09599999999999 8816.36045266909
1.09699999999999 8914.25862313075
1.09799999999999 9013.14822733378
1.09899999999999 9113.03836217988
1.09999999999999 9213.93819952281
1.10099999999999 9315.85698671565
1.10199999999999 9418.80404716265
1.10299999999999 9522.78878087454
1.10399999999999 9627.82066502663
1.10499999999999 9733.90925452155
1.10599999999999 9841.06418255435
1.10699999999999 9949.29516118262
1.10799999999999 10058.611981899
1.10899999999999 10169.0245162079
1.10999999999999 10280.5427162058
1.11099999999999 10393.1766151648
1.11199999999999 10506.9363281214
1.11299999999999 10621.8320524665
1.11399999999999 10737.8740685415
1.11499999999999 10855.0727402365
1.11599999999999 10973.4385155932
1.11699999999999 11092.9819274122
1.11799999999999 11213.7135938611
1.11899999999999 11335.6442190912
1.11999999999999 11458.7845938532
1.12099999999999 11583.1455961212
1.12199999999999 11708.7381917163
1.12299999999999 11835.5734349379
1.12399999999999 11963.6624691962
1.12499999999999 12093.0165276509
1.12599999999999 12223.6469338516
1.12699999999999 12355.5651023844
1.12799999999999 12488.7825395207
1.12899999999999 12623.3108438716
1.12999999999999 12759.1617070446
1.13099999999999 12896.346914307
1.13199999999999 13034.87834525
1.13299999999999 13174.7679744604
1.13399999999999 13316.0278721939
1.13499999999999 13458.6702050535
1.13599999999999 13602.7072366725
1.13699999999999 13748.1513284018
1.13799999999999 13895.0149399999
1.13899999999999 14043.3106303293
1.13999999999999 14193.051058055
1.14099999999999 14344.2489823501
1.14199999999999 14496.9172636023
1.14299999999998 14651.0688641288
1.14399999999998 14806.7168488905
1.14499999999998 14963.8743862173
1.14599999999998 15122.5547485295
1.14699999999998 15282.7713130721
1.14799999999998 15444.5375626477
1.14899999999998 15607.8670863557
1.14999999999998 15772.7735803377
1.15099999999998 15939.2708485241
1.15199999999998 16107.3728033884
1.15299999999998 16277.0934667047
1.15399999999998 16448.4469703087
1.15499999999998 16621.4475568666
1.15599999999998 16796.1095806453
1.15699999999998 16972.4475082877
1.15799999999998 17150.4759195966
1.15899999999998 17330.2095083177
1.15999999999998 17511.6630829313
1.16099999999998 17694.851567447
1.16199999999998 17879.7900022045
1.16299999999998 18066.4935446784
1.16399999999998 18254.977470287
1.16499999999998 18445.2571732075
1.16599999999998 18637.3481671975
1.16699999999998 18831.2660864155
1.16799999999998 19027.0266862551
1.16899999999998 19224.6458441759
1.16999999999998 19424.1395605445
1.17099999999998 19625.5239594793
1.17199999999998 19828.815289699
1.17299999999998 20034.0299253796
1.17399999999998 20241.1843670119
1.17499999999998 20450.2952422675
1.17599999999998 20661.3793068688
1.17699999999998 20874.4534454658
1.17799999999998 21089.5346725142
1.17899999999998 21306.6401331635
1.17999999999998 21525.7871041469
1.18099999999998 21746.9929946787
1.18199999999998 21970.2753473551
1.18299999999998 22195.6518390635
1.18399999999998 22423.1402818912
1.18499999999998 22652.7586240485
1.18599999999998 22884.5249507873
1.18699999999998 23118.4574853338
1.18799999999998 23354.574589821
1.18899999999998 23592.894766229
1.18999999999998 23833.4366573308
1.19099999999998 24076.2190476425
1.19199999999998 24321.2608643823
1.19299999999998 24568.5811784306
1.19399999999998 24818.1992052993
1.19499999999998 25070.1343061037
1.19599999999998 25324.4059885456
1.19699999999998 25581.0339078958
1.19799999999998 25840.0378679858
1.19899999999998 26101.4378222033
1.19999999999998 26365.2538744984
1.20099999999998 26631.506280388
1.20199999999998 26900.2154479745
1.20299999999998 27171.4019389619
1.20399999999998 27445.0864696872
1.20499999999998 27721.289912147
1.20599999999998 28000.0332950401
1.20699999999998 28281.337804812
1.20799999999998 28565.2247867019
1.20899999999998 28851.7157458045
1.20999999999998 29140.8323481273
1.21099999999998 29432.5964216647
1.21199999999998 29727.0299574681
1.21299999999998 30024.1551107333
1.21399999999998 30323.9942018824
1.21499999999998 30626.5697176617
1.21599999999998 30931.9043122412
1.21699999999998 31240.0208083193
1.21799999999998 31550.9421982388
1.21899999999998 31864.6916451044
1.21999999999998 32181.2924839105
1.22099999999998 32500.7682226702
1.22199999999998 32823.1425435607
1.22299999999998 33148.4393040599
1.22399999999998 33476.6825381076
1.22499999999998 33807.8964572588
1.22599999999998 34142.1054518485
1.22699999999998 34479.3340921701
1.22799999999998 34819.6071296452
1.22899999999998 35162.9494980166
1.22999999999998 35509.3863145371
1.23099999999998 35858.9428811704
1.23199999999998 36211.6446857944
1.23299999999998 36567.5174034187
1.23399999999997 36926.5868973983
1.23499999999997 37288.8792206655
1.23599999999997 37654.4206169622
1.23699999999997 38023.2375220791
1.23799999999997 38395.3565651049
1.23899999999997 38770.8045696821
1.23999999999997 39149.6085552675
1.24099999999997 39531.7957384004
1.24199999999997 39917.3935339838
1.24299999999997 40306.4295565609
1.24399999999997 40698.9316216114
1.24499999999997 41094.9277468492
1.24599999999997 41494.4461535239
1.24699999999997 41897.5152677397
1.24799999999997 42304.1637217701
1.24899999999997 42714.4203553885
1.24999999999997 43128.3142172029
1.25099999999997 43545.8745659978
1.25199999999997 43967.1308720873
1.25299999999997 44392.1128186681
1.25399999999997 44820.8503031894
1.25499999999997 45253.3734387239
1.25599999999997 45689.7125553467
1.25699999999997 46129.8982015303
1.25799999999997 46573.9611455323
1.25899999999997 47021.9323768071
1.25999999999997 47473.8431074114
1.26099999999997 47929.7247734305
1.26199999999997 48389.6090363999
1.26299999999997 48853.5277847444
1.26399999999997 49321.513135222
1.26499999999997 49793.5974343736
1.26599999999997 50269.8132599853
1.26699999999997 50750.1934225527
1.26799999999997 51234.7709667601
1.26899999999997 51723.5791729659
1.26999999999997 52216.6515586878
1.27099999999997 52714.0218801136
1.27199999999997 53215.724133603
1.27299999999997 53721.7925572045
1.27399999999997 54232.2616321882
1.27499999999997 54747.166084573
1.27599999999997 55266.5408866715
1.27699999999997 55790.4212586411
1.27799999999997 56318.842670044
1.27899999999997 56851.8408414184
1.27999999999997 57389.451745844
1.28099999999997 57931.7116105428
1.28199999999997 58478.6569184636
1.28299999999997 59030.3244098872
1.28399999999997 59586.7510840376
1.28499999999997 60147.9742007056
1.28599999999997 60714.0312818728
1.28699999999997 61284.9601133574
1.28799999999997 61860.7987464509
1.28899999999997 62441.5854995854
1.28999999999997 63027.3589599929
1.29099999999997 63618.157985379
1.29199999999997 64214.0217056104
1.29299999999997 64814.9895244046
1.29399999999997 65421.1011210305
1.29499999999997 66032.396452027
1.29599999999997 66648.9157529082
1.29699999999997 67270.6995399145
1.29799999999997 67897.7886117311
1.29899999999997 68530.2240512483
1.29999999999997 69168.0472273191
1.30099999999997 69811.2997965177
1.30199999999997 70460.0237049297
1.30299999999997 71114.2611899295
1.30399999999997 71774.0547819776
1.30499999999997 72439.4473064283
1.30599999999997 73110.4818853497
1.30699999999997 73787.201939338
1.30799999999997 74469.6511893618
1.30899999999997 75157.8736586094
1.30999999999997 75851.9136743276
1.31099999999997 76551.8158697132
1.31199999999997 77257.625185762
1.31299999999997 77969.3868731689
1.31399999999997 78687.1464942193
1.31499999999997 79410.9499246928
1.31599999999997 80140.8433557824
1.31699999999997 80876.8732960158
1.31799999999997 81619.086573192
1.31899999999997 82367.5303363336
1.31999999999997 83122.2520576345
1.32099999999997 83883.2995344325
1.32199999999997 84650.7208911894
1.32299999999997 85424.5645814692
1.32399999999996 86204.879389946
1.32499999999996 86991.7144344116
1.32599999999996 87785.1191677914
1.32699999999996 88585.1433801812
1.32799999999996 89391.8372008783
1.32899999999996 90205.2511004471
1.32999999999996 91025.4358927724
1.33099999999996 91852.4427371357
1.33199999999996 92686.3231403037
1.33299999999996 93527.1289586179
1.33399999999996 94374.9124001074
1.33499999999996 95229.7260266018
1.33599999999996 96091.6227558636
1.33699999999996 96960.6558637284
1.33799999999996 97836.8789862598
1.33899999999996 98720.346121902
1.33999999999996 99611.1116336659
1.34099999999996 100509.230251306
1.34199999999996 101414.757073525
1.34299999999996 102327.747570176
1.34399999999996 103248.257584484
1.34499999999996 104176.343335287
1.34599999999996 105112.061419261
1.34699999999996 106055.468813198
1.34799999999996 107006.622876247
1.34899999999996 107965.581352218
1.34999999999996 108932.402371857
1.35099999999996 109907.144455154
1.35199999999996 110889.866513658
1.35299999999996 111880.627852799
1.35399999999996 112879.488174233
1.35499999999996 113886.507578188
1.35599999999996 114901.746565833
1.35699999999996 115925.266041642
1.35799999999996 116957.127315797
1.35899999999996 117997.392106575
1.35999999999996 119046.122542763
1.36099999999996 120103.381166094
1.36199999999996 121169.230933668
1.36299999999996 122243.73522041
1.36399999999996 123326.957821534
1.36499999999996 124418.962955017
1.36599999999996 125519.815264085
1.36699999999996 126629.579819712
1.36799999999996 127748.322123144
1.36899999999996 128876.10810841
1.36999999999996 130013.004144879
1.37099999999996 131159.077039793
1.37199999999996 132314.394040855
1.37299999999996 133479.022838784
1.37399999999996 134653.031569929
1.37499999999996 135836.488818856
1.37599999999996 137029.463620983
1.37699999999996 138232.025465198
1.37799999999996 139444.244296513
1.37899999999996 140666.190518719
1.37999999999996 141897.934997056
1.38099999999996 143139.549060916
1.38199999999996 144391.104506508
1.38299999999996 145652.673599616
1.38399999999996 146924.329078283
1.38499999999996 148206.144155585
1.38599999999996 149498.19252237
1.38699999999996 150800.548350025
1.38799999999996 152113.286293277
1.38899999999996 153436.481492961
1.38999999999996 154770.209578855
1.39099999999996 156114.546672504
1.39199999999996 157469.569390044
1.39299999999996 158835.354845069
1.39399999999996 160211.980651499
1.39499999999996 161599.52492646
1.39599999999996 162998.066293177
1.39699999999996 164407.683883893
1.39799999999996 165828.457342796
1.39899999999996 167260.466828955
1.39999999999996 168703.79301928
1.40099999999996 170158.517111491
1.40199999999996 171624.720827103
1.40299999999996 173102.486414438
1.40399999999996 174591.89665162
1.40499999999996 176093.034849626
1.40599999999996 177605.98485532
1.40699999999996 179130.831054521
1.40799999999996 180667.658375068
1.40899999999996 182216.552289939
1.40999999999996 183777.598820327
1.41099999999996 185350.884538777
1.41199999999996 186936.496572327
1.41299999999996 188534.522605666
1.41399999999996 190145.050884283
1.41499999999995 191768.170217675
1.41599999999995 193403.969982543
1.41699999999995 195052.540125995
1.41799999999995 196713.971168808
1.41899999999995 198388.35420864
1.41999999999995 200075.780923336
1.42099999999995 201776.343574169
1.42199999999995 203490.135009167
1.42299999999995 205217.248666421
1.42399999999995 206957.778577403
1.42499999999995 208711.819370338
1.42599999999995 210479.466273523
1.42699999999995 212260.815118766
1.42799999999995 214055.962344732
1.42899999999995 215865.005000382
1.42999999999995 217688.040748394
1.43099999999995 219525.167868625
1.43199999999995 221376.485261545
1.43299999999995 223242.092451745
1.43399999999995 225122.08959143
1.43499999999995 227016.577463914
1.43599999999995 228925.657487194
1.43699999999995 230849.431717443
1.43799999999995 232788.002852633
1.43899999999995 234741.474236076
1.43999999999995 236709.949860054
1.44099999999995 238693.534369426
1.44199999999995 240692.333065263
1.44299999999995 242706.451908509
1.44399999999995 244735.997523653
1.44499999999995 246781.077202421
1.44599999999995 248841.798907478
1.44699999999995 250918.271276152
1.44799999999995 253010.603624192
1.44899999999995 255118.905949525
1.44999999999995 257243.288936027
1.45099999999995 259383.863957337
1.45199999999995 261540.743080657
1.45299999999995 263714.039070623
1.45399999999995 265903.865393107
1.45499999999995 268110.336219141
1.45599999999995 270333.566428772
1.45699999999995 272573.671615005
1.45799999999995 274830.768087692
1.45899999999995 277104.972877527
1.45999999999995 279396.403739983
1.46099999999995 281705.179159303
1.46199999999995 284031.418352509
1.46299999999995 286375.241273437
1.46399999999995 288736.768616758
1.46499999999995 291116.121822078
1.46599999999995 293513.423077976
1.46699999999995 295928.795326139
1.46799999999995 298362.362265477
1.46899999999995 300814.248356278
1.46999999999995 303284.578824329
1.47099999999995 305773.47966515
1.47199999999995 308281.077648157
1.47299999999995 310807.500320909
1.47399999999995 313352.876013327
1.47499999999995 315917.333841991
1.47599999999995 318501.003714367
1.47699999999995 321104.016333183
1.47799999999995 323726.503200689
1.47899999999995 326368.596623036
1.47999999999995 329030.429714631
1.48099999999995 331712.136402515
1.48199999999995 334413.851430777
1.48299999999995 337135.710364995
1.48399999999995 339877.849596662
1.48499999999995 342640.406347657
1.48599999999995 345423.518674746
1.48699999999995 348227.325474096
1.48799999999995 351051.966485794
1.48899999999995 353897.582298413
1.48999999999995 356764.314353585
1.49099999999995 359652.304950592
1.49199999999995 362561.697250989
1.49299999999995 365492.635283257
1.49399999999995 368445.263947443
1.49499999999995 371419.729019866
1.49599999999995 374416.177157802
1.49699999999995 377434.755904229
1.49799999999995 380475.613692589
1.49899999999995 383538.899851526
1.49999999999995 386624.764609713
1.50099999999995 389733.359100653
1.50199999999995 392864.835367517
1.50299999999995 396019.346368047
1.50399999999995 399197.045979367
1.50499999999995 402398.089002959
1.50599999999994 405622.631169576
1.50699999999994 408870.829144191
1.50799999999994 412142.840530944
1.50899999999994 415438.82387822
1.50999999999994 418758.9386836
1.51099999999994 422103.345398935
1.51199999999994 425472.205435435
1.51299999999994 428865.681168727
1.51399999999994 432283.935944019
1.51499999999994 435727.1340812
1.51599999999994 439195.440880013
1.51699999999994 442689.022625271
1.51799999999994 446208.046592057
1.51899999999994 449752.681050939
1.51999999999994 453323.095273277
1.52099999999994 456919.459536472
1.52199999999994 460541.945129297
1.52299999999994 464190.724357209
1.52399999999994 467865.970547744
1.52499999999994 471567.858055889
1.52599999999994 475296.562269463
1.52699999999994 479052.259614593
1.52799999999994 482835.127561153
1.52899999999994 486645.344628246
1.52999999999994 490483.090389728
1.53099999999994 494348.545479738
1.53199999999994 498241.891598223
1.53299999999994 502163.311516602
1.53399999999994 506112.989083302
1.53499999999994 510091.109229435
1.53599999999994 514097.857974452
1.53699999999994 518133.422431834
1.53799999999994 522197.990814796
1.53899999999994 526291.752442035
1.53999999999994 530414.897743505
1.54099999999994 534567.618266235
1.54199999999994 538750.106680055
1.54299999999994 542962.556783546
1.54399999999994 547205.163509896
1.54499999999994 551478.122932721
1.54599999999994 555781.632272098
1.54699999999994 560115.889900453
1.54799999999994 564481.09534855
1.54899999999994 568877.449311508
1.54999999999994 573305.153654858
1.55099999999994 577764.41142055
1.55199999999994 582255.426833099
1.55299999999994 586778.405305673
1.55399999999994 591333.553446251
1.55499999999994 595921.079063779
1.55599999999994 600541.191174372
1.55699999999994 605194.10000759
1.55799999999994 609880.017012619
1.55899999999994 614599.15486462
1.55999999999994 619351.727470993
1.56099999999994 624137.949977768
1.56199999999994 628958.038775941
1.56299999999994 633812.211507866
1.56399999999994 638700.687073747
1.56499999999994 643623.685637983
1.56599999999994 648581.428635757
1.56699999999994 653574.13877952
1.56799999999994 658602.040065506
1.56899999999994 663665.357780334
1.56999999999994 668764.318507599
1.57099999999994 673899.150134505
1.57199999999994 679070.081858559
1.57299999999994 684277.344194188
1.57399999999994 689521.168979561
1.57499999999994 694801.789383237
1.57599999999994 700119.439911025
1.57699999999994 705474.356412748
1.57799999999994 710866.776089132
1.57899999999994 716296.937498628
1.57999999999994 721765.080564368
1.58099999999994 727271.446581005
1.58199999999994 732816.278221819
1.58299999999994 738399.819545618
1.58399999999994 744022.31600373
1.58499999999994 749684.014447191
1.58599999999994 755385.163133692
1.58699999999994 761126.01173482
1.58799999999994 766906.811343103
1.58899999999994 772727.814479309
1.58999999999994 778589.275099536
1.59099999999994 784491.448602552
1.59199999999994 790434.591837057
1.59299999999994 796418.963108972
1.59399999999994 802444.822188775
1.59499999999994 808512.430318924
1.59599999999994 814622.050221208
1.59699999999993 820773.946104252
1.59799999999993 826968.383670933
1.59899999999993 833205.630125911
1.59999999999993 839485.954183183
1.60099999999993 845809.626073634
1.60199999999993 852176.917552622
1.60299999999993 858588.101907704
1.60399999999993 865043.453966199
1.60499999999993 871543.250102967
1.60599999999993 878087.768248146
1.60699999999993 884677.287894869
1.60799999999993 891312.090107147
1.60899999999993 897992.457527659
1.60999999999993 904718.674385658
1.61099999999993 911491.026504844
1.61199999999993 918309.801311374
1.61299999999993 925175.287841769
1.61399999999993 932087.776750977
1.61499999999993 939047.560320396
1.61599999999993 946054.932466007
1.61699999999993 953110.188746437
1.61799999999993 960213.6263711
1.61899999999993 967365.544208479
1.61999999999993 974566.242794237
1.62099999999993 981816.024339604
1.62199999999993 989115.192739565
1.62299999999993 996464.053581243
1.62399999999993 1003862.91415224
1.62499999999993 1011312.0834491
1.62599999999993 1018811.87218569
1.62699999999993 1026362.59280175
1.62799999999993 1033964.55947127
1.62899999999993 1041618.08811122
1.62999999999993 1049323.49638997
1.63099999999993 1057081.1037361
1.63199999999993 1064891.23134688
1.63299999999993 1072754.20219707
1.63399999999993 1080670.34104763
1.63499999999993 1088639.97445453
1.63599999999993 1096663.43077752
1.63699999999993 1104741.04018898
1.63799999999993 1112873.13468285
1.63899999999993 1121060.0480835
1.63999999999993 1129302.11605475
1.64099999999993 1137599.67610886
1.64199999999993 1145953.06761551
1.64299999999993 1154362.631811
1.64399999999993 1162828.71180726
1.64499999999993 1171351.65260102
1.64599999999993 1179931.80108311
1.64699999999993 1188569.50604758
1.64799999999993 1197265.11820099
1.64899999999993 1206018.99017182
1.64999999999993 1214831.47651971
1.65099999999993 1223702.93374494
1.65199999999993 1232633.72029781
1.65299999999993 1241624.1965881
1.65399999999993 1250674.72499471
1.65499999999993 1259785.66987504
1.65599999999993 1268957.39757473
1.65699999999993 1278190.2764372
1.65799999999993 1287484.67681337
1.65899999999993 1296840.97107142
1.65999999999993 1306259.53360647
1.66099999999993 1315740.7408504
1.66199999999993 1325284.97128179
1.66299999999993 1334892.60543563
1.66399999999993 1344564.02591335
1.66499999999993 1354299.61739289
1.66599999999993 1364099.76663845
1.66699999999993 1373964.86251081
1.66799999999993 1383895.29597722
1.66899999999993 1393891.4601217
1.66999999999993 1403953.75015508
1.67099999999993 1414082.56342529
1.67199999999993 1424278.29942767
1.67299999999993 1434541.35981522
1.67399999999993 1444872.14840888
1.67499999999993 1455271.07120813
1.67599999999993 1465738.53640125
1.67699999999993 1476274.95437576
1.67799999999993 1486880.73772923
1.67899999999993 1497556.30127954
1.67999999999993 1508302.06207571
1.68099999999993 1519118.43940836
1.68199999999993 1530005.85482058
1.68299999999993 1540964.73211864
1.68399999999993 1551995.49738273
1.68499999999993 1563098.5789779
1.68599999999993 1574274.40756479
1.68699999999993 1585523.4161107
1.68799999999992 1596846.03990051
1.68899999999992 1608242.71654766
1.68999999999992 1619713.88600533
1.69099999999992 1631259.99057737
1.69199999999992 1642881.47492969
1.69299999999992 1654578.78610127
1.69399999999992 1666352.37351547
1.69499999999992 1678202.68899137
1.69599999999992 1690130.18675509
1.69699999999992 1702135.32345115
1.69799999999992 1714218.55815396
1.69899999999992 1726380.35237923
1.69999999999992 1738621.17009561
1.70099999999992 1750941.47773615
1.70199999999992 1763341.74421004
1.70299999999992 1775822.44091426
1.70399999999992 1788384.04174518
1.70499999999992 1801027.02311051
1.70599999999992 1813751.86394108
1.70699999999992 1826559.0457026
1.70799999999992 1839449.05240769
1.70899999999992 1852422.37062782
1.70999999999992 1865479.48950532
1.71099999999992 1878620.90076539
1.71199999999992 1891847.09872836
1.71299999999992 1905158.58032172
1.71399999999992 1918555.84509243
1.71499999999992 1932039.39521908
1.71599999999992 1945609.73552426
1.71699999999992 1959267.37348699
1.71799999999992 1973012.81925507
1.71899999999992 1986846.58565755
1.71999999999992 2000769.18821724
1.72099999999992 2014781.14516326
1.72199999999992 2028882.97744375
1.72299999999992 2043075.20873857
1.72399999999992 2057358.36547177
1.72499999999992 2071732.9768246
1.72599999999992 2086199.57474836
1.72699999999992 2100758.69397709
1.72799999999992 2115410.87204069
1.72899999999992 2130156.64927776
1.72999999999992 2144996.56884878
1.73099999999992 2159931.17674901
1.73199999999992 2174961.02182184
1.73299999999992 2190086.65577184
1.73399999999992 2205308.63317816
1.73499999999992 2220627.51150758
1.73599999999992 2236043.85112819
1.73699999999992 2251558.21532255
1.73799999999992 2267171.17030119
1.73899999999992 2282883.28521634
1.73999999999992 2298695.1321753
1.74099999999992 2314607.28625397
1.74199999999992 2330620.32551091
1.74299999999992 2346734.8310007
1.74399999999992 2362951.38678794
1.74499999999992 2379270.57996113
1.74599999999992 2395693.00064641
1.74699999999992 2412219.2420216
1.74799999999992 2428849.90033034
1.74899999999992 2445585.57489588
1.74999999999992 2462426.86813556
1.75099999999992 2479374.38557485
1.75199999999992 2496428.73586134
1.75299999999992 2513590.53077955
1.75399999999992 2530860.38526482
1.75499999999992 2548238.91741805
1.75599999999992 2565726.74851997
1.75699999999992 2583324.50304581
1.75799999999992 2601032.80867976
1.75899999999992 2618852.29632976
1.75999999999992 2636783.60014213
1.76099999999992 2654827.35751631
1.76199999999992 2672984.20911979
1.76299999999992 2691254.79890278
1.76399999999992 2709639.77411346
1.76499999999992 2728139.78531274
1.76599999999992 2746755.48638948
1.76699999999992 2765487.53457543
1.76799999999992 2784336.59046062
1.76899999999992 2803303.31800841
1.76999999999992 2822388.38457096
1.77099999999992 2841592.46090451
1.77199999999992 2860916.22118476
1.77299999999992 2880360.34302252
1.77399999999992 2899925.50747906
1.77499999999992 2919612.39908189
1.77599999999992 2939421.70584022
1.77699999999992 2959354.11926091
1.77799999999991 2979410.33436435
1.77899999999991 2999591.04969975
1.77999999999991 3019896.96736181
1.78099999999991 3040328.79300617
1.78199999999991 3060887.23586577
1.78299999999991 3081573.00876668
1.78399999999991 3102386.82814449
1.78499999999991 3123329.41406042
1.78599999999991 3144401.49021784
1.78699999999991 3165603.7839783
1.78799999999991 3186937.02637813
1.78899999999991 3208401.95214502
1.78999999999991 3229999.29971442
1.79099999999991 3251729.8112463
1.79199999999991 3273594.23264171
1.79299999999991 3295593.31355957
1.79399999999991 3317727.80743357
1.79499999999991 3339998.47148901
1.79599999999991 3362406.0667596
1.79699999999991 3384951.35810482
1.79799999999991 3407635.11422663
1.79899999999991 3430458.10768681
1.79999999999991 3453421.11492425
1.80099999999991 3476524.91627208
1.80199999999991 3499770.29597502
1.80299999999991 3523158.04220696
1.80399999999991 3546688.94708823
1.80499999999991 3570363.80670344
1.80599999999991 3594183.42111873
1.80699999999991 3618148.59439983
1.80799999999991 3642260.13462966
1.80899999999991 3666518.85392595
1.80999999999991 3690925.56845959
1.81099999999991 3715481.09847225
1.81199999999991 3740186.26829453
1.81299999999991 3765041.90636402
1.81399999999991 3790048.84524362
1.81499999999991 3815207.92163962
1.81599999999991 3840519.97642001
1.81699999999991 3865985.8546331
1.81799999999991 3891606.4055257
1.81899999999991 3917382.48256188
1.81999999999991 3943314.94344151
1.82099999999991 3969404.65011868
1.82199999999991 3995652.46882086
1.82299999999991 4022059.27006736
1.82399999999991 4048625.92868859
1.82499999999991 4075353.32384478
1.82599999999991 4102242.33904487
1.82699999999991 4129293.86216602
1.82799999999991 4156508.78547253
1.82899999999991 4183888.00563508
1.82999999999991 4211432.4237503
1.83099999999991 4239142.9453598
1.83199999999991 4267020.48046998
1.83299999999991 4295065.94357142
1.83399999999991 4323280.25365873
1.83499999999991 4351664.33424982
1.83599999999991 4380219.11340618
1.83699999999991 4408945.52375233
1.83799999999991 4437844.50249609
1.83899999999991 4466916.99144825
1.83999999999991 4496163.93704294
1.84099999999991 4525586.29035751
1.84199999999991 4555185.00713326
1.84299999999991 4584961.04779519
1.84399999999991 4614915.37747264
1.84499999999991 4645048.96601989
1.84599999999991 4675362.7880365
1.84699999999991 4705857.82288787
1.84799999999991 4736535.0547264
1.84899999999991 4767395.47251171
1.84999999999991 4798440.07003194
1.85099999999991 4829669.84592419
1.85199999999991 4861085.80369624
1.85299999999991 4892688.95174698
1.85399999999991 4924480.30338816
1.85499999999991 4956460.87686505
1.85599999999991 4988631.6953783
1.85699999999991 5020993.78710518
1.85799999999991 5053548.18522096
1.85899999999991 5086295.92792059
1.85999999999991 5119238.05844064
1.86099999999991 5152375.62508034
1.86199999999991 5185709.68122429
1.86299999999991 5219241.28536372
1.86399999999991 5252971.50111859
1.86499999999991 5286901.39726014
1.86599999999991 5321032.04773229
1.86699999999991 5355364.53167471
1.86799999999991 5389899.93344427
1.8689999999999 5424639.34263818
1.8699999999999 5459583.85411613
1.8709999999999 5494734.56802313
1.8719999999999 5530092.58981169
1.8729999999999 5565659.03026495
1.8739999999999 5601435.00551975
1.8749999999999 5637421.63708896
1.8759999999999 5673620.0518848
1.8769999999999 5710031.38224187
1.8779999999999 5746656.7659404
1.8789999999999 5783497.34622958
1.8799999999999 5820554.27185081
1.8809999999999 5857828.69706095
1.8819999999999 5895321.78165608
1.8829999999999 5933034.69099533
1.8839999999999 5970968.59602402
1.8849999999999 6009124.67329786
1.8859999999999 6047504.1050068
1.8869999999999 6086108.0789989
1.8879999999999 6124937.78880432
1.8889999999999 6163994.43365972
1.8899999999999 6203279.21853218
1.8909999999999 6242793.35414381
1.8919999999999 6282538.05699596
1.8929999999999 6322514.54939389
1.8939999999999 6362724.05947127
1.8949999999999 6403167.82121488
1.8959999999999 6443847.07448937
1.8969999999999 6484763.06506228
1.8979999999999 6525917.04462884
1.8989999999999 6567310.27083709
1.8999999999999 6608944.00731296
1.9009999999999 6650819.52368558
1.9019999999999 6692938.09561283
1.9029999999999 6735301.00480623
1.9039999999999 6777909.53905702
1.9049999999999 6820764.99226149
1.9059999999999 6863868.66444691
1.9069999999999 6907221.86179678
1.9079999999999 6950825.89667756
1.9089999999999 6994682.08766384
1.9099999999999 7038791.75956519
1.9109999999999 7083156.2434519
1.9119999999999 7127776.87668129
1.9129999999999 7172655.00292409
1.9139999999999 7217791.97219102
1.9149999999999 7263189.14085968
1.9159999999999 7308847.87170035
1.9169999999999 7354769.53390357
1.9179999999999 7400955.50310688
1.9189999999999 7447407.1614212
1.9199999999999 7494125.89745873
1.9209999999999 7541113.10635944
1.9219999999999 7588370.18981895
1.9229999999999 7635898.5561152
1.9239999999999 7683699.62013656
1.9249999999999 7731774.80340883
1.9259999999999 7780125.53412333
1.9269999999999 7828753.24716471
1.9279999999999 7877659.38413811
1.9289999999999 7926845.39339823
1.9299999999999 7976312.73007631
1.9309999999999 8026062.856109
1.9319999999999 8076097.24026682
1.9329999999999 8126417.35818123
1.9339999999999 8177024.69237506
1.9349999999999 8227920.73228931
1.9359999999999 8279106.97431323
1.9369999999999 8330584.92181157
1.9379999999999 8382356.08515537
1.9389999999999 8434421.98174958
1.9399999999999 8486784.13606218
1.9409999999999 8539444.07965421
1.9419999999999 8592403.35120864
1.9429999999999 8645663.49655984
1.9439999999999 8699226.06872256
1.9449999999999 8753092.6279226
1.9459999999999 8807264.74162589
1.9469999999999 8861743.98456816
1.9479999999999 8916531.93878587
1.9489999999999 8971630.19364496
1.9499999999999 9027040.34587212
1.9509999999999 9082763.9995842
1.9519999999999 9138802.76631944
1.9529999999999 9195158.26506709
1.9539999999999 9251832.12229933
1.9549999999999 9308825.97200018
1.9559999999999 9366141.4556979
1.9569999999999 9423780.22249497
1.9579999999999 9481743.92909984
1.9589999999999 9540034.23985761
1.95999999999989 9598652.82678138
1.96099999999989 9657601.36958345
1.96199999999989 9716881.55570796
1.96299999999989 9776495.08036075
1.96399999999989 9836443.64654209
1.96499999999989 9896728.96507875
1.96599999999989 9957352.75465531
1.96699999999989 10018316.7418465
1.96799999999989 10079622.6611493
1.96899999999989 10141272.2550156
1.96999999999989 10203267.2738839
1.97099999999989 10265609.4762131
1.97199999999989 10328300.6285129
1.97299999999989 10391342.5053793
1.97399999999989 10454736.8895254
1.97499999999989 10518485.5718156
1.97599999999989 10582590.3512975
1.97699999999989 10647053.0352364
1.97799999999989 10711875.4391483
1.97899999999989 10777059.3868327
1.97999999999989 10842606.7104067
1.98099999999989 10908519.2503388
1.98199999999989 10974798.8554828
1.98299999999989 11041447.3831109
1.98399999999989 11108466.6989488
1.98499999999989 11175858.6772094
1.98599999999989 11243625.200627
1.98699999999989 11311768.1604921
1.98799999999989 11380289.4566851
1.98899999999989 11449190.9977127
1.98999999999989 11518474.7007404
1.99099999999989 11588142.4916292
1.99199999999989 11658196.3049699
1.99299999999989 11728638.0841185
1.99399999999989 11799469.781231
1.99499999999989 11870693.3572994
1.99599999999989 11942310.7821869
1.99699999999989 12014324.0346637
1.99799999999989 12086735.1024427
1.99899999999989 12159545.9822153
1.99999999999989 12232758.6796878
