0 0
0.001 -1.22607944526089e-17
0.002 -7.8469084496697e-16
0.003 -8.93811915595198e-15
0.004 -5.02202140778854e-14
0.005 -1.91574913322005e-13
0.006 -5.72039625980816e-13
0.007 -1.44247020655427e-12
0.008 -3.21409370098109e-12
0.009 -6.51588886467423e-12
0.01 -1.22607944525565e-11
0.011 -2.1720745281093e-11
0.012 -3.66105360623098e-11
0.013 -5.91805130097755e-11
0.014 -9.23180932165325e-11
0.015 -1.39658111804912e-10
0.016 -2.0570199684819e-10
0.017 -2.9594577206396e-10
0.018 -4.17016887279133e-10
0.019 -5.76819876666259e-10
0.02 -7.84690844751115e-10
0.021 -1.05156078019091e-09
0.022 -1.39012769732304e-09
0.023 -1.81503760548328e-09
0.024 -2.34307430609316e-09
0.025 -2.99335801751516e-09
0.026 -3.78755282767477e-09
0.027 -4.7500829744478e-09
0.028 -5.90835795381063e-09
0.029 -7.29300645575192e-09
0.03 -8.9381191279433e-09
0.031 -1.08815001671625e-08
0.032 -1.31649277384708e-08
0.033 -1.58344232221342e-08
0.034 -1.89405292882865e-08
0.035 -2.25385967993258e-08
0.036 -2.66890805400381e-08
0.037 -3.14578437754365e-08
0.038 -3.69164716363117e-08
0.039 -4.3142593332473e-08
0.04 -5.02202131936721e-08
0.041 -5.82400505381975e-08
0.042 -6.72998883691079e-08
0.043 -7.7504930898103e-08
0.044 -8.89681698969916e-08
0.045 -1.01810759876741e-07
0.046 -1.16162402094078e-07
0.047 -1.3216173738561e-07
0.048 -1.49956747829399e-07
0.049 -1.69705167234028e-07
0.05 -1.91574900455003e-07
0.051 -2.15744451538527e-07
0.052 -2.42403360692564e-07
0.053 -2.71752650085105e-07
0.054 -3.04005278469597e-07
0.055 -3.39386604637463e-07
0.056 -3.7813485969757e-07
0.057 -4.20501628182693e-07
0.058 -4.66752337982612e-07
0.059 -5.17166759104109e-07
0.06 -5.72039511257333e-07
0.061 -6.31680580268765e-07
0.062 -6.96415843320319e-07
0.063 -7.6658760301471e-07
0.064 -8.4255513026667e-07
0.065 -9.24695216020134e-07
0.066 -1.01340273179062e-06
0.067 -1.10909119903344e-06
0.068 -1.21219336733672e-06
0.069 -1.32316180143936e-06
0.07 -1.44246947707359e-06
0.071 -1.57061038563192e-06
0.0720000000000001 -1.70810014765794e-06
0.0730000000000001 -1.85547663516075e-06
0.0740000000000001 -2.01330060275279e-06
0.0750000000000001 -2.18215632761054e-06
0.0760000000000001 -2.36265225825761e-06
0.0770000000000001 -2.5554216721697e-06
0.0780000000000001 -2.76112334220131e-06
0.0790000000000001 -2.98044221183358e-06
0.0800000000000001 -3.2140900792421e-06
0.0810000000000001 -3.46280629018507e-06
0.0820000000000001 -3.72735843971031e-06
0.0830000000000001 -4.00854308268129e-06
0.0840000000000001 -4.30718645312052e-06
0.0850000000000001 -4.6241451923704e-06
0.0860000000000001 -4.96030708607012e-06
0.0870000000000001 -5.31659180994842e-06
0.0880000000000001 -5.6939516844304e-06
0.0890000000000001 -6.09337243805784e-06
0.0900000000000001 -6.51587397972264e-06
0.0910000000000001 -6.96251117971177e-06
0.0920000000000001 -7.43437465956119e-06
0.0930000000000001 -7.93259159072112e-06
0.0940000000000001 -8.45832650202685e-06
0.0950000000000001 -9.01278209597741e-06
0.0960000000000001 -9.5972000738201e-06
0.0970000000000001 -1.02128619694355e-05
0.0980000000000001 -1.08610899920286e-05
0.0990000000000001 -1.15432478776166e-05
0.1 -1.22607417493171e-05
0.101 -1.30150209864329e-05
0.102 -1.38075791023313e-05
0.103 -1.46399546311156e-05
0.104 -1.55137320230881e-05
0.105 -1.64305425490003e-05
0.106 -1.73920652130902e-05
0.107 -1.84000276749014e-05
0.108 -1.94562071798845e-05
0.109 -2.05624314987758e-05
0.11 -2.17205798757514e-05
0.111 -2.29325839853515e-05
0.112 -2.42004288981777e-05
0.113 -2.55261540553514e-05
0.114 -2.69118542517384e-05
0.115 -2.83596806279293e-05
0.116 -2.98718416709728e-05
0.117 -3.14506042238682e-05
0.118 -3.30982945037923e-05
0.119 -3.48172991290797e-05
0.12 -3.66100661549334e-05
0.121 -3.84791061178741e-05
0.122 -4.04269930889105e-05
0.123 -4.24563657354409e-05
0.124 -4.4569928391867e-05
0.125 -4.67704521389207e-05
0.126 -4.90607758916976e-05
0.127 -5.14438074963955e-05
0.128 -5.39225248357327e-05
0.129 -5.64999769430734e-05
0.13 -5.91792851252206e-05
0.131 -6.1963644093878e-05
0.132 -6.48563231057965e-05
0.133 -6.7860667111564e-05
0.134 -7.0980097913045e-05
0.135 -7.42181153294767e-05
0.136 -7.75782983721796e-05
0.137 -8.10643064279087e-05
0.138 -8.46798804508135e-05
0.139 -8.84288441630011e-05
0.14 -9.23151052637014e-05
0.141 -9.63426566470114e-05
0.142 -0.000100515577628221
0.143 -0.0001048380351787
0.144 -0.000109314285169328
0.145 -0.000113948673622488
0.146 -0.000118745637972556
0.147 -0.000123709708334931
0.148 -0.000128845508783558
0.149 -0.000134157758636937
0.15 -0.000139651273752615
0.151 -0.000145330967830114
0.152 -0.000151201853722336
0.153 -0.000157269044755376
0.154 -0.000163537756056734
0.155 -0.000170013305891963
0.156 -0.000176701117009661
0.157 -0.000183606717994821
0.158 -0.000190735744630552
0.159 -0.000198093941268088
0.16 -0.00020568716220513
0.161 -0.000213521373072441
0.162 -0.000221602652228739
0.163 -0.000229937192163772
0.164 -0.000238531300909682
0.165 -0.000247391403460508
0.166 -0.00025652404319987
0.167 -0.00026593588333681
0.168 -0.000275633708349777
0.169 -0.000285624425438616
0.17 -0.000295915065984762
0.171 -0.000306512787019324
0.172 -0.000317424872699289
0.173 -0.000328658735791683
0.174 -0.000340221919165638
0.175 -0.000352122097292425
0.176 -0.000364367077753362
0.177 -0.000376964802755579
0.178 -0.000389923350655599
0.179 -0.000403250937490684
0.18 -0.00041695591851798
0.181 -0.000431046789761337
0.182 -0.000445532189565797
0.183 -0.000460420900159724
0.184 -0.000475721849224613
0.185 -0.000491444111472264
0.186 -0.000507596910229632
0.187 -0.000524189619031134
0.188 -0.000541231763218235
0.189 -0.000558733021546588
0.19 -0.000576703227800399
0.191 -0.000595152372414064
0.192 -0.000614090604101134
0.193 -0.000633528231490333
0.194 -0.000653475724768763
0.195 -0.000673943717332172
0.196 -0.000694943007442305
0.197 -0.000716484559891062
0.198 -0.000738579507671693
0.199 -0.000761239153656741
0.2 -0.000784474972282863
0.201 -0.000808298611242242
0.202 -0.000832721893180784
0.203 -0.000857756817402754
0.204 -0.000883415561582022
0.205 -0.000909710483479782
0.206 -0.000936654122668559
0.207 -0.000964259202262492
0.208 -0.00099253863065404
0.209 -0.00102150550325658
0.21 -0.00105117310425321
0.211 -0.00108155490835162
0.212 -0.00111266458254462
0.213 -0.00114451598787677
0.214 -0.00117712318121653
0.215 -0.00121050041703415
0.216 -0.00124466214918514
0.217 -0.00127962303269912
0.218 -0.00131539792557407
0.219 -0.00135200189057586
0.22 -0.00138945019704294
0.221 -0.00142775832269611
0.222 -0.00146694195545313
0.223 -0.00150701699524841
0.224 -0.00154799955585723
0.225 -0.00158990596672473
0.226 -0.00163275277479924
0.227 -0.00167655674637023
0.228 -0.00172133486891044
0.229 -0.00176710435292212
0.23 -0.00181388263378727
0.231 -0.001861687373622
0.232 -0.00191053646313442
0.233 -0.00196044802348617
0.234 -0.00201144040815773
0.235 -0.00206353220481676
0.236 -0.00211674223718977
0.237 -0.00217108956693707
0.238 -0.00222659349553017
0.239 -0.00228327356613245
0.24 -0.00234114956548226
0.241 -0.00240024152577814
0.242 -0.00246056972656698
0.243 -0.00252215469663379
0.244 -0.00258501721589358
0.245 -0.00264917831728519
0.246 -0.00271465928866634
0.247 -0.00278148167471054
0.248 -0.00284966727880505
0.249 -0.0029192381649497
0.25 -0.00299021665965708
0.251 -0.00306262535385278
0.252 -0.00313648710477664
0.253 -0.00321182503788382
0.254 -0.00328866254874644
0.255 -0.00336702330495458
0.256 -0.00344693124801694
0.257 -0.00352841059526161
0.258 -0.00361148584173489
0.259 -0.00369618176209996
0.26 -0.00378252341253403
0.261 -0.00387053613262384
0.262 -0.00396024554725959
0.263 -0.00405167756852646
0.264 -0.00414485839759473
0.265 -0.00423981452660624
0.266 -0.00433657274055911
0.267 -0.0044351601191887
0.268 -0.00453560403884575
0.269 -0.0046379321743706
0.27 -0.00474217250096349
0.271 -0.00484835329605102
0.272 -0.00495650314114812
0.273 -0.00506665092371488
0.274 -0.00517882583900844
0.275 -0.00529305739193016
0.276 -0.00540937539886573
0.277 -0.00552780998952106
0.278 -0.00564839160875013
0.279 -0.00577115101837721
0.28 -0.00589611929901168
0.281 -0.00602332785185581
0.282 -0.00615280840050444
0.283 -0.00628459299273653
0.284 -0.00641871400229879
0.285 -0.00655520413068032
0.286 -0.00669409640887763
0.287 -0.00683542419915047
0.288 -0.00697922119676767
0.289 -0.00712552143174286
0.29 -0.00727435927055856
0.291 -0.00742576941788047
0.292 -0.00757978691825844
0.293 -0.00773644715781711
0.294 -0.00789578586593292
0.295 -0.00805783911689884
0.296 -0.008222643331575
0.297 -0.00839023527902646
0.298 -0.00856065207814645
0.299 -0.0087339311992637
0.3 -0.00891011046573699
0.301 -0.00908922805553069
0.302 -0.00927132250277705
0.303 -0.00945643269932023
0.304 -0.0096445978962437
0.305 -0.00983585770537829
0.306 -0.0100302521007951
0.307 -0.0102278214202761
0.308 -0.010428606366768
0.309 -0.0106326480098139
0.31 -0.0108399877869666
0.311 -0.0110506675051793
0.312 -0.0112647293421752
0.313 -0.0114822158477945
0.314 -0.0117031699453188
0.315 -0.0119276349327718
0.316 -0.0121556544841961
0.317 -0.0123872726509047
0.318 -0.0126225338627079
0.319 -0.012861482929113
0.32 -0.0131041650404989
0.321 -0.0133506257692599
0.322 -0.0136009110709274
0.323 -0.0138550672852558
0.324 -0.0141131411372833
0.325 -0.0143751797383622
0.326 -0.0146412305871553
0.327 -0.0149113415706053
0.328 -0.0151855609648661
0.329 -0.0154639374362057
0.33 -0.0157465200418717
0.331 -0.0160333582309251
0.332 -0.0163245018450351
0.333 -0.0166200011192394
0.334 -0.0169199066826675
0.335 -0.0172242695592239
0.336 -0.0175331411682351
0.337 -0.0178465733250553
0.338 -0.0181646182416295
0.339 -0.0184873285270191
0.34 -0.0188147571878805
0.341 -0.0191469576289048
0.342 -0.0194839836532086
0.343 -0.0198258894626827
0.344 -0.0201727296582935
0.345 -0.0205245592403365
0.346 -0.0208814336086426
0.347 -0.021243408562734
0.348 -0.02161054030193
0.349 -0.0219828854254035
0.35 -0.0223605009321816
0.351 -0.0227434442210961
0.352 -0.0231317730906767
0.353 -0.0235255457389904
0.354 -0.0239248207634235
0.355 -0.0243296571604063
0.356 -0.0247401143250774
0.357 -0.0251562520508895
0.358 -0.0255781305291534
0.359 -0.0260058103485168
0.36 -0.0264393524943846
0.361 -0.0268788183482698
0.362 -0.02732426968708
0.363 -0.0277757686823353
0.364 -0.0282333778993194
0.365 -0.0286971602961574
0.366 -0.0291671792228273
0.367 -0.0296434984200917
0.368 -0.0301261820183631
0.369 -0.030615294536487
0.37 -0.0311109008804543
0.371 -0.031613066342028
0.372 -0.0321218565972988
0.373 -0.0326373377051522
0.374 -0.0331595761056588
0.375 -0.0336886386183732
0.376 -0.0342245924405593
0.377 -0.0347675051453119
0.378 -0.0353174446796062
0.379 -0.035874479362247
0.38 -0.0364386778817266
0.381 -0.0370101092939943
0.382 -0.0375888430201262
0.383 -0.0381749488439007
0.384 -0.0387684969092732
0.385 -0.0393695577177549
0.386 -0.0399782021256827
0.387 -0.0405945013413964
0.388 -0.0412185269222956
0.389 -0.0418503507718061
0.39 -0.0424900451362218
0.391 -0.0431376826014504
0.392 -0.0437933360896313
0.393 -0.044457078855654
0.394 -0.0451289844835463
0.395 -0.0458091268827565
0.396 -0.0464975802843033
0.397 -0.047194419236816
0.398 -0.0478997186024381
0.399 -0.0486135535526126
0.4 -0.0493359995637352
0.401 -0.0500671324126806
0.402 -0.0508070281721911
0.403 -0.0515557632061351
0.404 -0.0523134141646207
0.405 -0.0530800579789874
0.406 -0.0538557718566327
0.407 -0.0546406332757166
0.408 -0.0554347199797033
0.409 -0.056238109971769
0.41 -0.0570508815090492
0.411 -0.0578731130967349
0.412 -0.0587048834820204
0.413 -0.0595462716478797
0.414 -0.060397356806699
0.415 -0.0612582183937358
0.416 -0.0621289360604081
0.417 -0.0630095896674411
0.418 -0.0639002592778053
0.419 -0.0648010251495132
0.42 -0.0657119677282309
0.421 -0.066633167639705
0.422 -0.0675647056820148
0.423 -0.0685066628176421
0.424 -0.069459120165349
0.425 -0.0704221589918721
0.426 -0.0713958607034206
0.427 -0.0723803068369825
0.428 -0.0733755790514301
0.429 -0.0743817591184307
0.43 -0.0753989289131368
0.431 -0.0764271704047055
0.432 -0.0774665656465555
0.433 -0.0785171967664636
0.434 -0.0795791459564101
0.435 -0.0806524954622226
0.436 -0.0817373275729881
0.437 -0.0828337246102442
0.438 -0.0839417689169484
0.439 -0.0850615428461939
0.44 -0.0861931287497149
0.441 -0.0873366089661383
0.442 -0.0884920658090003
0.443 -0.0896595815545094
0.444 -0.0908392384290675
0.445 -0.0920311185965388
0.446 -0.0932353041452546
0.447 -0.0944518770747657
0.448 -0.0956809192823348
0.449 -0.0969225125491422
0.45 -0.0981767385262499
0.451 -0.0994436787202638
0.452 -0.100723414478742
0.453 -0.102016026975291
0.454 -0.103321597194407
0.455 -0.104640205916007
0.456 -0.105971933699675
0.457 -0.107316860868594
0.458 -0.108675067493213
0.459 -0.11004663337455
0.46 -0.111431638027248
0.461 -0.112830160662265
0.462 -0.114242280169277
0.463 -0.115668075098735
0.464 -0.117107623643611
0.465 -0.118561003620819
0.466 -0.120028292452255
0.467 -0.121509567145558
0.468 -0.123004904274478
0.469 -0.12451437995892
0.47 -0.126038069844611
0.471 -0.127576049082431
0.472 -0.12912839230737
0.473 -0.130695173617102
0.474 -0.132276466550209
0.475 -0.133872344064014
0.476 -0.135482878512022
0.477 -0.137108141620989
0.478 -0.138748204467592
0.479 -0.140403137454682
0.48 -0.142073010287165
0.481 -0.143757891947448
0.482 -0.145457850670479
0.483 -0.147172953918369
0.484 -0.148903268354582
0.485 -0.150648859817708
0.486 -0.152409793294776
0.487 -0.154186132894147
0.488 -0.155977941817963
0.489 -0.15778528233411
0.49 -0.15960821574775
0.491 -0.161446802372398
0.492 -0.163301101500488
0.493 -0.165171171373506
0.494 -0.167057069151609
0.495 -0.168958850882776
0.496 -0.170876571471446
0.497 -0.172810284646682
0.498 -0.174760042929792
0.499 -0.176725897601466
0.5 -0.178707898668391
0.501 -0.180706094829322
0.502 -0.182720533440628
0.503 -0.18475126048131
0.504 -0.186798320517461
0.505 -0.188861756666184
0.506 -0.190941610558942
0.507 -0.193037922304338
0.508 -0.195150730450339
0.509 -0.197280071945907
0.51 -0.199425982102041
0.511 -0.201588494552246
0.512 -0.203767641212376
0.513 -0.205963452239872
0.514 -0.208175955992409
0.515 -0.210405178985886
0.516 -0.21265114585182
0.517 -0.214913879294061
0.518 -0.217193400044916
0.519 -0.219489726820565
0.52 -0.22180287627584
0.521 -0.224132862958359
0.522 -0.226479699261936
0.523 -0.228843395379355
0.524 -0.231223959254391
0.525 -0.23362139653322
0.526 -0.236035710515016
0.527 -0.238466902101905
0.528 -0.240914969748199
0.529 -0.243379909408796
0.53 -0.245861714486995
0.531 -0.248360375781405
0.532 -0.250875881432216
0.533 -0.253408216866619
0.534 -0.255957364743485
0.535 -0.258523304897265
0.536 -0.261106014281077
0.537 -0.263705466908988
0.538 -0.266321633797492
0.539 -0.268954482906168
0.54 -0.271603979077509
0.541 -0.274270083975871
0.542 -0.276952756025633
0.543 -0.279651950348454
0.544 -0.282367618699664
0.545 -0.285099709403782
0.546 -0.287848167289155
0.547 -0.290612933621685
0.548 -0.293393946037622
0.549 -0.296191138475493
0.55 -0.29900444110705
0.551 -0.301833780267313
0.552 -0.304679078383612
0.553 -0.307540253903742
0.554 -0.310417221223076
0.555 -0.313309890610735
0.556 -0.31621816813474
0.557 -0.319141955586188
0.558 -0.322081150402376
0.559 -0.325035645588929
0.56 -0.328005329640894
0.561 -0.330990086462716
0.562 -0.333989795287264
0.563 -0.337004330593694
0.564 -0.340033562024266
0.565 -0.343077354300058
0.566 -0.34613556713557
0.567 -0.349208055152222
0.568 -0.352294667790686
0.569 -0.355395249222133
0.57 -0.358509638258248
0.571 -0.36163766826015
0.572 -0.364779167046067
0.573 -0.367933956797888
0.574 -0.371101853966416
0.575 -0.374282669175493
0.576 -0.377476207124848
0.577 -0.380682266491691
0.578 -0.383900639831066
0.579 -0.387131113474947
0.58 -0.390373467430009
0.581 -0.39362747527414
0.582 -0.396892904051611
0.583 -0.400169514166933
0.584 -0.403457059277377
0.585 -0.406755286184143
0.586 -0.41006393472214
0.587 -0.413382737648416
0.588 -0.416711420529159
0.589 -0.420049701625324
0.59 -0.423397291776753
0.591 -0.426753894285004
0.592 -0.430119204794575
0.593 -0.433492911172722
0.594 -0.436874693387792
0.595 -0.440264223386058
0.596 -0.443661164967058
0.597 -0.447065173657307
0.598 -0.450475896582579
0.599 -0.453892972338596
0.6 -0.457316030860049
0.601 -0.460744693288181
0.602 -0.464178571836602
0.603 -0.46761726965561
0.604 -0.471060380694738
0.605 -0.474507489563806
0.606 -0.477958171392078
0.607 -0.481411991685974
0.608 -0.484868506184852
0.609 -0.488327260715202
0.61 -0.491787791043016
0.611 -0.495249622724472
0.612 -0.498712270954787
0.613 -0.502175240415209
0.614 -0.505638025118373
0.615 -0.50910010825162
0.616 -0.512560962018631
0.617 -0.516020047479061
0.618 -0.519476814386385
0.619 -0.522930701023803
0.62 -0.526381134038131
0.621 -0.529827528271926
0.622 -0.53326928659351
0.623 -0.536705799725032
0.624 -0.540136446068559
0.625 -0.543560591530171
0.626 -0.546977589341917
0.627 -0.550386779881782
0.628 -0.55378749049158
0.629 -0.557179035292757
0.63 -0.560560714999959
0.631 -0.563931816732613
0.632 -0.567291613824216
0.633 -0.570639365629566
0.634 -0.573974317329632
0.635 -0.577295699734385
0.636 -0.580602729083195
0.637 -0.583894606843112
0.638 -0.587170519504746
0.639 -0.590429638375934
0.64 -0.593671119372962
0.641 -0.596894102809547
0.642 -0.60009771318334
0.643 -0.603281058960102
0.644 -0.60644323235543
0.645 -0.609583309114011
0.646 -0.612700348286432
0.647 -0.615793392003543
0.648 -0.618861465248183
0.649 -0.621903575624506
0.65 -0.624918713124624
0.651 -0.627905849892774
0.652 -0.63086393998676
0.653 -0.633791919136877
0.654 -0.636688704502044
0.655 -0.63955319442338
0.656 -0.642384268175005
0.657 -0.645180785712052
0.658 -0.647941587416096
0.659 -0.650665493837588
0.66 -0.653351305435579
0.661 -0.655997802314653
0.662 -0.658603743958915
0.663 -0.661167868963104
0.664 -0.663688894760806
0.665 -0.666165517349796
0.666 -0.668596411014222
0.667 -0.670980228043999
0.668 -0.673315598451051
0.669 -0.675601129682563
0.67 -0.6778354063311
0.671 -0.680016989841681
0.672 -0.682144418215704
0.673 -0.684216205711618
0.674 -0.686230842542587
0.675 -0.688186794570726
0.676 -0.690082502998252
0.677 -0.691916384055283
0.678 -0.693686828684297
0.679 -0.695392202221357
0.68 -0.697030844073866
0.681 -0.698601067394957
0.682 -0.700101158754524
0.683 -0.701529377806677
0.684 -0.702883956953789
0.685 -0.704163101007008
0.686 -0.705364986843233
0.687 -0.706487763058409
0.688000000000001 -0.707529549617399
0.689000000000001 -0.708488437500007
0.690000000000001 -0.709362488343479
0.691000000000001 -0.710149734081182
0.692000000000001 -0.71084817657762
0.693000000000001 -0.711455787259634
0.694000000000001 -0.711970506743841
0.695000000000001 -0.712390244460106
0.696000000000001 -0.712712878271323
0.697000000000001 -0.712936254089139
0.698000000000001 -0.713058185485808
0.699000000000001 -0.713076453302055
0.700000000000001 -0.712988805250881
0.701000000000001 -0.71279295551744
0.702000000000001 -0.712486584354663
0.703000000000001 -0.712067337674963
0.704000000000001 -0.711532826637611
0.705000000000001 -0.710880627232011
0.706000000000001 -0.710108279856784
0.707000000000001 -0.709213288894494
0.708000000000001 -0.708193122282186
0.709000000000001 -0.707045211077472
0.710000000000001 -0.705766949020387
0.711000000000001 -0.704355692090702
0.712000000000001 -0.70280875806088
0.713000000000001 -0.701123426044518
0.714000000000001 -0.69929693604028
0.715000000000001 -0.697326488471258
0.716000000000001 -0.695209243719737
0.717000000000001 -0.692942321657323
0.718000000000001 -0.690522801170402
0.719000000000001 -0.687947719680899
0.720000000000001 -0.685214072662217
0.721000000000001 -0.682318813150502
0.722000000000001 -0.679258851250935
0.723000000000001 -0.67603105363918
0.724000000000001 -0.672632243058091
0.725000000000001 -0.669059197809157
0.726000000000001 -0.665308651239153
0.727000000000001 -0.661377291221811
0.728000000000001 -0.657261759634107
0.729000000000001 -0.652958651827779
0.730000000000001 -0.648464516095482
0.731000000000001 -0.64377585313165
0.732000000000001 -0.638889115488384
0.733000000000001 -0.633800707025829
0.734000000000001 -0.62850698235713
0.735000000000001 -0.623004246288311
0.736000000000001 -0.617288753252445
0.737000000000001 -0.611356706738481
0.738000000000001 -0.605204258714481
0.739000000000001 -0.5988275090454
0.740000000000001 -0.592222504905132
0.741000000000001 -0.585385240182961
0.742000000000001 -0.578311654884326
0.743000000000001 -0.570997634525807
0.744000000000001 -0.563439009524327
0.745000000000001 -0.555631554580475
0.746000000000001 -0.547570988056046
0.747000000000001 -0.539252971345492
0.748000000000001 -0.530673108241496
0.749000000000001 -0.521826944294491
0.750000000000001 -0.512709966166075
0.751000000000001 -0.503317600976283
0.752000000000001 -0.493645215644723
0.753000000000001 -0.483688116225445
0.754000000000001 -0.473441547235543
0.755000000000001 -0.462900690977399
0.756000000000001 -0.452060666854595
0.757000000000001 -0.440916530681325
0.758000000000001 -0.429463273985401
0.759000000000001 -0.417695823304635
0.760000000000001 -0.405609039476694
0.761000000000001 -0.393197716922307
0.762000000000001 -0.380456582921714
0.763000000000001 -0.367380296884498
0.764000000000001 -0.35396344961246
0.765000000000001 -0.340200562555749
0.766000000000001 -0.326086087062046
0.767000000000001 -0.311614403618779
0.768000000000001 -0.296779821088315
0.769000000000001 -0.281576575936124
0.770000000000001 -0.265998831451731
0.771000000000001 -0.250040676962571
0.772000000000001 -0.233696127040521
0.773000000000001 -0.216959120701201
0.774000000000001 -0.199823520595872
0.775000000000001 -0.182283112195943
0.776000000000001 -0.164331602970003
0.777000000000001 -0.145962621553314
0.778000000000001 -0.127169716909725
0.779000000000001 -0.107946357485943
0.780000000000001 -0.0882859303580741
0.781000000000001 -0.0681817403704332
0.782000000000001 -0.0476270092664935
0.783000000000001 -0.0266148748119661
0.784000000000001 -0.00513838990993071
0.785000000000001 0.0168094782920462
0.786000000000001 0.0392358493028669
0.787000000000001 0.062147930196984
0.788000000000001 0.0855530165316907
0.789000000000001 0.109458493272655
0.790000000000001 0.133871835727781
0.791000000000001 0.158800610489465
0.792000000000001 0.184252476385289
0.793000000000001 0.210235185437234
0.794000000000001 0.23675658382949
0.795000000000001 0.263824612884856
0.796000000000001 0.291447310049926
0.797000000000001 0.319632809888991
0.798000000000001 0.348389345086828
0.799000000000001 0.377725247460355
0.800000000000001 0.407648948979304
0.801000000000001 0.438168982795918
0.802000000000001 0.469293984283758
0.803000000000001 0.501032692085736
0.804000000000001 0.533393949171311
0.805000000000001 0.566386703903115
0.806000000000001 0.600020011112898
0.807000000000001 0.634303033186899
0.808000000000001 0.669245041160931
0.809000000000001 0.704855415824805
0.810000000000001 0.74114364883665
0.811000000000001 0.778119343846893
0.812000000000001 0.815792217632034
0.813000000000001 0.854172101238372
0.814000000000001 0.893268941135695
0.815000000000001 0.933092800380887
0.816000000000001 0.973653859791954
0.817000000000001 1.01496241913181
0.818000000000001 1.05702889830269
0.819000000000001 1.0998638385508
0.820000000000001 1.14347790368132
0.821000000000001 1.18788188128385
0.822000000000001 1.23308668396875
0.823000000000001 1.27910335061365
0.824000000000001 1.32594304762116
0.825000000000001 1.37361707018698
0.826000000000001 1.42213684357925
0.827000000000001 1.47151392442861
0.828000000000001 1.52176000202937
0.829000000000001 1.57288689965201
0.830000000000001 1.62490657586644
0.831000000000001 1.67783112587709
0.832000000000001 1.73167278286894
0.833000000000001 1.78644391936522
0.834000000000001 1.84215704859669
0.835000000000001 1.8988248258822
0.836000000000001 1.95646005002153
0.837000000000001 2.01507566469942
0.838000000000001 2.07468475990192
0.839000000000001 2.13530057334448
0.840000000000001 2.19693649191217
0.841000000000001 2.25960605311181
0.842000000000001 2.32332294653696
0.843000000000001 2.38810101534419
0.844000000000001 2.4539542577428
0.845000000000001 2.52089682849635
0.846000000000001 2.58894304043691
0.847000000000001 2.65810736599235
0.848000000000001 2.7284044387255
0.849000000000001 2.79984905488746
0.850000000000001 2.87245617498245
0.851000000000001 2.94624092534676
0.852000000000001 3.02121859974015
0.853000000000001 3.09740466095107
0.854000000000001 3.17481474241445
0.855000000000001 3.25346464984366
0.856000000000001 3.33337036287525
0.857000000000001 3.4145480367279
0.858000000000001 3.4970140038747
0.859000000000001 3.58078477572933
0.860000000000001 3.66587704434607
0.861000000000001 3.75230768413367
0.862000000000001 3.8400937535838
0.863000000000001 3.92925249701304
0.864000000000001 4.01980134631952
0.865000000000001 4.11175792275375
0.866000000000001 4.20514003870428
0.867000000000001 4.29996569949722
0.868000000000001 4.39625310521154
0.869000000000001 4.49402065250784
0.870000000000001 4.59328693647301
0.871000000000001 4.69407075247965
0.872000000000001 4.7963910980601
0.873000000000001 4.90026717479642
0.874000000000001 5.00571839022493
0.875000000000001 5.11276435975696
0.876000000000001 5.22142490861405
0.877000000000001 5.33172007377993
0.878000000000001 5.44367010596736
0.879000000000001 5.55729547160128
0.880000000000001 5.67261685481765
0.881000000000001 5.78965515947859
0.882000000000001 5.90843151120321
0.883000000000001 6.02896725941557
0.884000000000001 6.15128397940786
0.885000000000001 6.27540347442123
0.886000000000001 6.40134777774249
0.887000000000001 6.52913915481791
0.888000000000001 6.65880010538316
0.889000000000001 6.79035336561163
0.890000000000001 6.92382191027828
0.891000000000001 7.05922895494148
0.892000000000001 7.19659795814217
0.893000000000001 7.33595262362001
0.894000000000001 7.47731690254756
0.895000000000001 7.62071499578156
0.896000000000001 7.76617135613274
0.897000000000001 7.91371069065245
0.898000000000001 8.06335796293875
0.899000000000001 8.21513839545898
0.900000000000001 8.36907747189197
0.901000000000001 8.52520093948766
0.902000000000001 8.68353481144657
0.903000000000001 8.8441053693153
0.904000000000001 9.00693916540398
0.905000000000001 9.17206302522042
0.906000000000001 9.33950404992364
0.907000000000001 9.50928961879771
0.908000000000001 9.68144739174259
0.909000000000001 9.85600531178717
0.910000000000001 10.0329916076186
0.911000000000001 10.2124347961348
0.912000000000001 10.3943636850136
0.913000000000001 10.5788073753037
0.914000000000001 10.7657952640353
0.915000000000001 10.9553570468495
0.916000000000001 11.1475227206512
0.917000000000001 11.3423225862783
0.918000000000001 11.5397872511951
0.919000000000001 11.7399476322037
0.920000000000001 11.9428349581785
0.921000000000001 12.1484807728202
0.922000000000001 12.3569169374309
0.923000000000001 12.5681756337112
0.924000000000001 12.7822893665785
0.925000000000001 12.9992909670063
0.926000000000001 13.219213594886
0.927000000000001 13.4420907419096
0.928000000000001 13.6679562344751
0.929000000000001 13.896844236614
0.930000000000001 14.1287892529401
0.931000000000001 14.3638261316215
0.932000000000001 14.6019900673756
0.933000000000001 14.8433166044851
0.934000000000001 15.0878416398391
0.935000000000001 15.3356014259947
0.936000000000001 15.5866325742642
0.937000000000001 15.840972057823
0.938000000000001 16.0986572148434
0.939000000000001 16.3597257516502
0.940000000000001 16.624215745901
0.941000000000001 16.8921656497895
0.942000000000001 17.1636142932738
0.943000000000001 17.438600887328
0.944000000000001 17.7171650272197
0.945000000000001 17.9993466958086
0.946000000000001 18.2851862668745
0.947000000000001 18.5747245084657
0.948000000000001 18.8680025862757
0.949000000000001 19.1650620670416
0.950000000000001 19.4659449219727
0.951000000000001 19.7706935301983
0.952000000000001 20.0793506822477
0.953000000000001 20.3919595835492
0.954000000000001 20.7085638579618
0.955000000000001 21.0292075513267
0.956000000000001 21.3539351350512
0.957000000000001 21.6827915097126
0.958000000000001 22.0158220086949
0.959000000000001 22.3530724018471
0.960000000000001 22.6945888991713
0.961000000000001 23.0404181545381
0.962000000000001 23.3906072694279
0.963000000000001 23.7452037966992
0.964000000000001 24.1042557443863
0.965000000000001 24.4678115795251
0.966000000000001 24.8359202320032
0.967000000000001 25.2086310984422
0.968000000000001 25.5859940461063
0.969000000000001 25.9680594168406
0.970000000000001 26.3548780310356
0.971000000000001 26.7465011916235
0.972000000000001 27.142980688103
0.973000000000001 27.5443688005898
0.974000000000001 27.9507183039006
0.975000000000001 28.362082471668
0.976000000000001 28.7785150804772
0.977000000000001 29.2000704140423
0.978000000000001 29.6268032674043
0.979000000000001 30.058768951168
0.980000000000001 30.496023295761
0.981000000000001 30.9386226557276
0.982000000000001 31.3866239140551
0.983000000000001 31.8400844865278
0.984000000000001 32.2990623261107
0.985000000000001 32.7636159273753
0.986000000000001 33.2338043309398
0.987000000000001 33.7096871279578
0.988000000000001 34.1913244646257
0.989000000000001 34.6787770467353
0.990000000000001 35.1721061442455
0.991000000000001 35.6713735958958
0.992000000000001 36.1766418138527
0.993000000000001 36.6879737883776
0.994000000000001 37.2054330925468
0.995000000000001 37.7290838869858
0.996000000000001 38.2589909246537
0.997000000000001 38.795219555647
0.998000000000001 39.3378357320468
0.999000000000001 39.8869060128003
1 40.4424975686292
1.001 41.0046781869786
1.002 41.5735162770046
1.003 42.1490808745837
1.004 42.7314416473732
1.005 43.3206688998948
1.006 43.9168335786618
1.007 44.5200072773359
1.008 45.1302622419282
1.009 45.7476713760248
1.01 46.3723082460631
1.011 47.0042470866323
1.012 47.6435628058203
1.013 48.2903309905887
1.014 48.9446279121943
1.015 49.6065305316445
1.016 50.2761165051852
1.017 50.9534641898395
1.018 51.638652648971
1.019 52.3317616578926
1.02 53.032871709518
1.021 53.7420640200399
1.022 54.4594205346607
1.023 55.1850239333556
1.024 55.9189576366777
1.025 56.6613058115979
1.026 57.4121533773945
1.027 58.1715860115749
1.028 58.9396901558423
1.029 59.7165530221004
1.03 60.502262598502
1.031 61.2969076555409
1.032 62.1005777521749
1.033 62.9133632420035
1.034 63.735355279482
1.035 64.5666458261766
1.036 65.4073276570633
1.037 66.2574943668729
1.038 67.1172403764724
1.039 67.9866609392982
1.04 68.8658521478218
1.041 69.7549109400745
1.042 70.6539351061984
1.043 71.5630232950573
1.044 72.4822750208822
1.045 73.4117906699698
1.046 74.3516715074167
1.047 75.3020196839046
1.048 76.2629382425312
1.049 77.2345311256882
1.05 78.216903181986
1.051 79.210160173207
1.05199999999999 80.2144087813458
1.05299999999999 81.2297566156462
1.05399999999999 82.2563122197317
1.05499999999999 83.2941850787481
1.05599999999999 84.3434856265752
1.05699999999999 85.4043252530811
1.05799999999999 86.4768163114167
1.05899999999999 87.5610721253752
1.05999999999999 88.6572069967779
1.06099999999999 89.7653362129364
1.06199999999999 90.8855760541433
1.06299999999999 92.0180438012158
1.06399999999999 93.1628577430978
1.06499999999999 94.3201371845079
1.06599999999999 95.4900024536378
1.06699999999999 96.6725749098897
1.06799999999999 97.867976951699
1.06899999999999 99.0763320243621
1.06999999999999 100.297764627956
1.07099999999999 101.532400325285
1.07199999999999 102.780365749892
1.07299999999999 104.041788614117
1.07399999999999 105.316797717213
1.07499999999999 106.605522953508
1.07599999999999 107.908095320629
1.07699999999999 109.224646927771
1.07799999999999 110.55531100403
1.07899999999999 111.900221906779
1.07999999999999 113.259515130114
1.08099999999999 114.633327313332
1.08199999999999 116.021796249497
1.08299999999999 117.425060894023
1.08399999999999 118.843261373342
1.08499999999999 120.276538993627
1.08599999999999 121.725036249547
1.08699999999999 123.188896833106
1.08799999999999 124.66826564253
1.08899999999999 126.163288791203
1.08999999999999 127.674113616671
1.09099999999999 129.200888689702
1.09199999999999 130.743763823407
1.09299999999999 132.30289008241
1.09399999999999 133.878419792084
1.09499999999999 135.470506547849
1.09599999999999 137.079305224528
1.09699999999999 138.704971985762
1.09799999999999 140.347664293475
1.09899999999999 142.007540917426
1.09999999999999 143.684761944789
1.10099999999999 145.37948878983
1.10199999999999 147.091884203612
1.10299999999999 148.822112283785
1.10399999999999 150.570338484429
1.10499999999999 152.336729625965
1.10599999999999 154.121453905117
1.10699999999999 155.924680904954
1.10799999999999 157.746581604988
1.10899999999999 159.587328391335
1.10999999999999 161.447095066935
1.11099999999999 163.326056861854
1.11199999999999 165.224390443639
1.11299999999999 167.142273927732
1.11399999999999 169.079886887969
1.11499999999999 171.037410367124
1.11599999999999 173.01502688755
1.11699999999999 175.012920461832
1.11799999999999 177.031276603585
1.11899999999999 179.070282338243
1.11999999999999 181.130126213967
1.12099999999999 183.210998312611
1.12199999999999 185.313090260727
1.12299999999999 187.436595240685
1.12399999999999 189.581708001835
1.12499999999999 191.748624871744
1.12599999999999 193.937543767495
1.12699999999999 196.148664207078
1.12799999999999 198.382187320834
1.12899999999999 200.638315862976
1.12999999999999 202.917254223181
1.13099999999999 205.219208438262
1.13199999999999 207.544386203892
1.13299999999999 209.892996886435
1.13399999999999 212.2652515348
1.13499999999999 214.661362892431
1.13599999999999 217.081545409323
1.13699999999999 219.526015254126
1.13799999999999 221.994990326325
1.13899999999999 224.48869026852
1.13999999999999 227.00733647873
1.14099999999999 229.551152122802
1.14199999999999 232.120362146928
1.14299999999998 234.715193290173
1.14399999999998 237.335874097135
1.14499999999998 239.982634930646
1.14599999999998 242.655707984587
1.14699999999998 245.35532729675
1.14799999999998 248.081728761774
1.14899999999998 250.835150144227
1.14999999999998 253.615831091668
1.15099999999998 256.424013147866
1.15199999999998 259.259939766061
1.15299999999998 262.12385632233
1.15399999999998 265.016010129015
1.15499999999998 267.936650448236
1.15599999999998 270.886028505515
1.15699999999998 273.864397503418
1.15799999999998 276.872012635372
1.15899999999998 279.909131099463
1.15999999999998 282.976012112407
1.16099999999998 286.072916923557
1.16199999999998 289.200108829009
1.16299999999998 292.357853185774
1.16399999999998 295.546417426079
1.16499999999998 298.766071071721
1.16599999999998 302.017085748491
1.16699999999998 305.29973520074
1.16799999999998 308.61429530599
1.16899999999998 311.961044089648
1.16999999999998 315.340261739784
1.17099999999998 318.752230622053
1.17199999999998 322.197235294648
1.17299999999998 325.675562523393
1.17399999999998 329.187501296853
1.17499999999998 332.733342841654
1.17599999999998 336.313380637746
1.17699999999998 339.927910433907
1.17799999999998 343.577230263208
1.17899999999998 347.261640458669
1.17999999999998 350.981443668958
1.18099999999998 354.736944874174
1.18199999999998 358.528451401793
1.18299999999998 362.356272942614
1.18399999999998 366.220721566869
1.18499999999998 370.122111740398
1.18599999999998 374.060760340938
1.18699999999998 378.036986674504
1.18799999999998 382.051112491846
1.18899999999998 386.103462005013
1.18999999999998 390.194361904058
1.19099999999998 394.324141373771
1.19199999999998 398.493132110559
1.19299999999998 402.701668339427
1.19399999999998 406.950086830994
1.19499999999998 411.238726918727
1.19599999999998 415.567930516172
1.19699999999998 419.938042134307
1.19799999999998 424.349408899067
1.19899999999998 428.802380568848
1.19999999999998 433.297309552244
1.20099999999998 437.834550925816
1.20199999999998 442.414462451928
1.20299999999998 447.037404596824
1.20399999999998 451.70374054864
1.20499999999998 456.413836235656
1.20599999999998 461.168060344579
1.20699999999998 465.966784338966
1.20799999999998 470.810382477738
1.20899999999998 475.699231833824
1.20999999999998 480.633712312887
1.21099999999998 485.614206672166
1.21199999999998 490.64110053945
1.21299999999998 495.714782432114
1.21399999999998 500.835643776317
1.21499999999998 506.004078926305
1.21599999999998 511.220485183777
1.21699999999998 516.485262817407
1.21799999999998 521.798815082484
1.21899999999998 527.161548240614
1.21999999999998 532.573871579619
1.22099999999998 538.036197433494
1.22199999999998 543.548941202408
1.22299999999998 549.112521373046
1.22399999999998 554.72735953879
1.22499999999998 560.393880420217
1.22599999999998 566.112511885628
1.22699999999998 571.883684971707
1.22799999999998 577.707833904327
1.22899999999998 583.585396119426
1.22999999999998 589.516812284032
1.23099999999998 595.50252631743
1.23199999999998 601.542985412402
1.23299999999998 607.638640056612
1.23399999999997 613.789944054105
1.23499999999997 619.997354546992
1.23599999999997 626.261332037112
1.23699999999997 632.582340407986
1.23799999999997 638.96084694675
1.23899999999997 645.397322366379
1.23999999999997 651.89224082781
1.24099999999997 658.446079962418
1.24199999999997 665.059320894491
1.24299999999997 671.732448263831
1.24399999999997 678.465950248576
1.24499999999997 685.260318588024
1.24599999999997 692.116048605691
1.24699999999997 699.033639232441
1.24799999999997 706.013593029781
1.24899999999997 713.056416213248
1.24999999999997 720.162618675954
1.25099999999997 727.3327140123
1.25199999999997 734.567219541705
1.25299999999997 741.866656332632
1.25399999999997 749.231549226588
1.25499999999997 756.662426862372
1.25599999999997 764.159821700455
1.25699999999997 771.724270047383
1.25799999999997 779.356312080427
1.25899999999997 787.056491872401
1.25999999999997 794.825357416453
1.26099999999997 802.663460651168
1.26199999999997 810.571357485738
1.26299999999997 818.549607825221
1.26399999999997 826.598775596087
1.26499999999997 834.719428771735
1.26599999999997 842.91213939826
1.26699999999997 851.177483620339
1.26799999999997 859.516041707225
1.26899999999997 867.928398079016
1.26999999999997 876.415141332808
1.27099999999997 884.976864269316
1.27199999999997 893.614163919358
1.27299999999997 902.327641570658
1.27399999999997 911.117902794815
1.27499999999997 919.985557474256
1.27599999999997 928.931219829397
1.27699999999997 937.955508446162
1.27799999999997 947.059046303334
1.27899999999997 956.242460800264
1.27999999999997 965.506383784679
1.28099999999997 974.851451580591
1.28199999999997 984.278305016468
1.28299999999997 993.787589453489
1.28399999999997 1003.3799548139
1.28499999999997 1013.05605560967
1.28599999999997 1022.81655097115
1.28699999999997 1032.66210467601
1.28799999999997 1042.5933851783
1.28899999999997 1052.61106563757
1.28999999999997 1062.71582394832
1.29099999999997 1072.90834276951
1.29199999999997 1083.18930955417
1.29299999999997 1093.55941657933
1.29399999999997 1104.01936097606
1.29499999999997 1114.56984475946
1.29599999999997 1125.21157485919
1.29699999999997 1135.94526314994
1.29799999999997 1146.77162648195
1.29899999999997 1157.69138671202
1.29999999999997 1168.70527073441
1.30099999999997 1179.81401051197
1.30199999999997 1191.01834310767
1.30299999999997 1202.31901071582
1.30399999999997 1213.71676069398
1.30499999999997 1225.21234559466
1.30599999999997 1236.80652319745
1.30699999999997 1248.50005654107
1.30799999999997 1260.2937139559
1.30899999999997 1272.18826909633
1.30999999999997 1284.18450097363
1.31099999999997 1296.28319398877
1.31199999999997 1308.48513796545
1.31299999999997 1320.79112818343
1.31399999999997 1333.20196541181
1.31499999999997 1345.71845594274
1.31599999999997 1358.34141162522
1.31699999999997 1371.07164989897
1.31799999999997 1383.90999382851
1.31899999999997 1396.85727213767
1.31999999999997 1409.91431924396
1.32099999999997 1423.08197529328
1.32199999999997 1436.36108619483
1.32299999999997 1449.75250365608
1.32399999999996 1463.25708521811
1.32499999999996 1476.87569429095
1.32599999999996 1490.60920018933
1.32699999999996 1504.4584781683
1.32799999999996 1518.42440945944
1.32899999999996 1532.50788130679
1.32999999999996 1546.70978700353
1.33099999999996 1561.03102592837
1.33199999999996 1575.4725035822
1.33299999999996 1590.03513162536
1.33399999999996 1604.71982791451
1.33499999999996 1619.52751654018
1.33599999999996 1634.45912786417
1.33699999999996 1649.51559855737
1.33799999999996 1664.69787163762
1.33899999999996 1680.00689650804
1.33999999999996 1695.44362899518
1.34099999999996 1711.00903138755
1.34199999999996 1726.70407247461
1.34299999999996 1742.52972758539
1.34399999999996 1758.48697862791
1.34499999999996 1774.5768141284
1.34599999999996 1790.80022927084
1.34699999999996 1807.15822593683
1.34799999999996 1823.65181274552
1.34899999999996 1840.28200509378
1.34999999999996 1857.04982519661
1.35099999999996 1873.9563021277
1.35199999999996 1891.00247186039
1.35299999999996 1908.18937730841
1.35399999999996 1925.5180683675
1.35499999999996 1942.98960195658
1.35599999999996 1960.60504205954
1.35699999999996 1978.36545976696
1.35799999999996 1996.27193331864
1.35899999999996 2014.32554814532
1.35999999999996 2032.5273969118
1.36099999999996 2050.87857955919
1.36199999999996 2069.38020334835
1.36299999999996 2088.03338290271
1.36399999999996 2106.83924025205
1.36499999999996 2125.79890487572
1.36599999999996 2144.91351374695
1.36699999999996 2164.18421137674
1.36799999999996 2183.61214985813
1.36899999999996 2203.19848891082
1.36999999999996 2222.94439592613
1.37099999999996 2242.85104601165
1.37199999999996 2262.91962203678
1.37299999999996 2283.15131467813
1.37399999999996 2303.54732246512
1.37499999999996 2324.1088518261
1.37599999999996 2344.83711713444
1.37699999999996 2365.73334075481
1.37799999999996 2386.79875309015
1.37899999999996 2408.03459262826
1.37999999999996 2429.44210598903
1.38099999999996 2451.02254797187
1.38199999999996 2472.77718160325
1.38299999999996 2494.70727818457
1.38399999999996 2516.81411734019
1.38499999999996 2539.09898706592
1.38599999999996 2561.5631837775
1.38699999999996 2584.20801235939
1.38799999999996 2607.03478621393
1.38899999999996 2630.04482731063
1.38999999999996 2653.23946623574
1.39099999999996 2676.62004224219
1.39199999999996 2700.18790329938
1.39299999999996 2723.94440614388
1.39399999999996 2747.89091632969
1.39499999999996 2772.02880827936
1.39599999999996 2796.3594653349
1.39699999999996 2820.8842798091
1.39799999999996 2845.60465303731
1.39899999999996 2870.52199542923
1.39999999999996 2895.63772652104
1.40099999999996 2920.95327502778
1.40199999999996 2946.47007889594
1.40299999999996 2972.18958535667
1.40399999999996 2998.1132509785
1.40499999999996 3024.2425417212
1.40599999999996 3050.57893298942
1.40699999999996 3077.12390968644
1.40799999999996 3103.87896626869
1.40899999999996 3130.84560680015
1.40999999999996 3158.02534500724
1.41099999999996 3185.41970433376
1.41199999999996 3213.0302179964
1.41299999999996 3240.85842904014
1.41399999999996 3268.90589039453
1.41499999999995 3297.17416492942
1.41599999999995 3325.66482551167
1.41699999999995 3354.37945506191
1.41799999999995 3383.31964661144
1.41899999999995 3412.48700335961
1.41999999999995 3441.88313873131
1.42099999999995 3471.50967643511
1.42199999999995 3501.36825052096
1.42299999999995 3531.46050543905
1.42399999999995 3561.78809609843
1.42499999999995 3592.35268792579
1.42599999999995 3623.15595692515
1.42699999999995 3654.19958973714
1.42799999999995 3685.48528369935
1.42899999999995 3717.01474690583
1.42999999999995 3748.78969826817
1.43099999999995 3780.81186757622
1.43199999999995 3813.08299555867
1.43299999999995 3845.6048339452
1.43399999999995 3878.37914552769
1.43499999999995 3911.40770422206
1.43599999999995 3944.69229513112
1.43699999999995 3978.23471460662
1.43799999999995 4012.03677031262
1.43899999999995 4046.10028128816
1.43999999999995 4080.42707801144
1.44099999999995 4115.01900246309
1.44199999999995 4149.87790819046
1.44299999999995 4185.00566037226
1.44399999999995 4220.40413588333
1.44499999999995 4256.07522335923
1.44599999999995 4292.02082326238
1.44699999999995 4328.24284794723
1.44799999999995 4364.74322172644
1.44899999999995 4401.52388093742
1.44999999999995 4438.58677400866
1.45099999999995 4475.93386152719
1.45199999999995 4513.56711630538
1.45299999999995 4551.48852344901
1.45399999999995 4589.70008042522
1.45499999999995 4628.20379713037
1.45599999999995 4667.00169595932
1.45699999999995 4706.09581187404
1.45799999999995 4745.48819247281
1.45899999999995 4785.18089806022
1.45999999999995 4825.17600171672
1.46099999999995 4865.47558936932
1.46199999999995 4906.08175986201
1.46299999999995 4946.99662502674
1.46399999999995 4988.22230975489
1.46499999999995 5029.76095206882
1.46599999999995 5071.61470319386
1.46699999999995 5113.7857276309
1.46799999999995 5156.27620322864
1.46899999999995 5199.08832125726
1.46999999999995 5242.22428648116
1.47099999999995 5285.68631723345
1.47199999999995 5329.47664548919
1.47299999999995 5373.59751694082
1.47399999999995 5418.051191072
1.47499999999995 5462.83994123343
1.47599999999995 5507.96605471831
1.47699999999995 5553.43183283796
1.47799999999995 5599.23959099839
1.47899999999995 5645.39165877663
1.47999999999995 5691.890379998
1.48099999999995 5738.73811281294
1.48199999999995 5785.93722977544
1.48299999999995 5833.49011792063
1.48399999999995 5881.39917884322
1.48499999999995 5929.66682877664
1.48599999999995 5978.29549867185
1.48699999999995 6027.28763427728
1.48799999999995 6076.6456962184
1.48899999999995 6126.37216007844
1.48999999999995 6176.4695164787
1.49099999999995 6226.94027115982
1.49199999999995 6277.78694506353
1.49299999999995 6329.01207441365
1.49399999999995 6380.61821079947
1.49499999999995 6432.60792125727
1.49599999999995 6484.98378835423
1.49699999999995 6537.74841027108
1.49799999999995 6590.9044008864
1.49899999999995 6644.45438986082
1.49999999999995 6698.40102272098
1.50099999999995 6752.74696094547
1.50199999999995 6807.4948820489
1.50299999999995 6862.64747966925
1.50399999999995 6918.2074636527
1.50499999999995 6974.17756014101
1.50599999999994 7030.56051165791
1.50699999999994 7087.35907719717
1.50799999999994 7144.57603230954
1.50899999999994 7202.21416919182
1.50999999999994 7260.2762967748
1.51099999999994 7318.76524081268
1.51199999999994 7377.68384397233
1.51299999999994 7437.03496592313
1.51399999999994 7496.8214834274
1.51499999999994 7557.04629043113
1.51599999999994 7617.71229815412
1.51699999999994 7678.82243518349
1.51799999999994 7740.37964756365
1.51899999999994 7802.3868988899
1.51999999999994 7864.84717040053
1.52099999999994 7927.763461071
1.52199999999994 7991.13878770595
1.52299999999994 8054.97618503496
1.52399999999994 8119.2787058067
1.52499999999994 8184.04942088317
1.52599999999994 8249.29141933567
1.52699999999994 8315.00780854085
1.52799999999994 8381.20171427624
1.52899999999994 8447.8762808179
1.52999999999994 8515.03467103667
1.53099999999994 8582.68006649697
1.53199999999994 8650.81566755324
1.53299999999994 8719.44469345043
1.53399999999994 8788.57038242081
1.53499999999994 8858.19599178567
1.53599999999994 8928.32479805311
1.53699999999994 8998.96009701946
1.53799999999994 9070.1052038703
1.53899999999994 9141.76345328135
1.53999999999994 9213.93819951957
1.54099999999994 9286.63281654646
1.54199999999994 9359.8506981202
1.54299999999994 9433.59525789819
1.54399999999994 9507.86992954199
1.54499999999994 9582.67816682005
1.54599999999994 9658.02344371302
1.54699999999994 9733.90925451819
1.54799999999994 9810.33911395543
1.54899999999994 9887.31655727337
1.54999999999994 9964.84514035518
1.55099999999994 10042.9284398253
1.55199999999994 10121.5700531582
1.55299999999994 10200.773598785
1.55399999999994 10280.5427162022
1.55499999999994 10360.8810660804
1.55599999999994 10441.7923303748
1.55699999999994 10523.2802124329
1.55799999999994 10605.3484371068
1.55899999999994 10688.0007508631
1.55999999999994 10771.240921895
1.56099999999994 10855.0727402327
1.56199999999994 10939.5000178573
1.56299999999994 11024.5265888131
1.56399999999994 11110.1563093205
1.56499999999994 11196.3930578906
1.56599999999994 11283.2407354395
1.56699999999994 11370.7032654021
1.56799999999994 11458.7845938493
1.56899999999994 11547.4886896028
1.56999999999994 11636.8195443515
1.57099999999994 11726.781172769
1.57199999999994 11817.3776126306
1.57299999999994 11908.6129249318
1.57399999999994 12000.4911940066
1.57499999999994 12093.0165276468
1.57599999999994 12186.1930572205
1.57699999999994 12280.0249377945
1.57799999999994 12374.5163482523
1.57899999999994 12469.6714914176
1.57999999999994 12565.4945941747
1.58099999999994 12661.9899075909
1.58199999999994 12759.1617070403
1.58299999999994 12857.0142923262
1.58399999999994 12955.5519878049
1.58499999999994 13054.7791425111
1.58599999999994 13154.7001302827
1.58699999999994 13255.3193498855
1.58799999999994 13356.64122514
1.58899999999994 13458.6702050489
1.58999999999994 13561.4107639224
1.59099999999994 13664.8674015084
1.59199999999994 13769.0446431184
1.59299999999994 13873.9470397587
1.59399999999994 13979.5791682581
1.59499999999994 14085.9456313998
1.59599999999994 14193.0510580502
1.59699999999993 14300.9001032912
1.59799999999993 14409.4974485523
1.59899999999993 14518.8478017424
1.59999999999993 14628.9558973824
1.60099999999993 14739.8264967398
1.60199999999993 14851.4643879621
1.60299999999993 14963.8743862123
1.60399999999993 15077.0613338027
1.60499999999993 15191.0301003326
1.60599999999993 15305.7855828241
1.60699999999993 15421.3327058587
1.60799999999993 15537.6764217157
1.60899999999993 15654.8217105103
1.60999999999993 15772.7735803324
1.61099999999993 15891.5370673861
1.61199999999993 16011.1172361303
1.61299999999993 16131.5191794189
1.61399999999993 16252.7480186427
1.61499999999993 16374.80890387
1.61599999999993 16497.7070139916
1.61699999999993 16621.4475568612
1.61799999999993 16746.0357694422
1.61899999999993 16871.476917949
1.61999999999993 16997.7762979954
1.62099999999993 17124.9392347369
1.62199999999993 17252.9710830199
1.62299999999993 17381.8772275271
1.62399999999993 17511.6630829255
1.62499999999993 17642.3340940149
1.62599999999993 17773.8957358762
1.62699999999993 17906.3535140216
1.62799999999993 18039.7129645444
1.62899999999993 18173.9796542706
1.62999999999993 18309.1591809079
1.63099999999993 18445.2571732015
1.63199999999993 18582.2792910843
1.63299999999993 18720.2312258307
1.63399999999993 18859.1187002116
1.63499999999993 18998.9474686486
1.63599999999993 19139.7233173686
1.63699999999993 19281.4520645622
1.63799999999993 19424.1395605381
1.63899999999993 19567.7916878816
1.63999999999993 19712.4143616122
1.64099999999993 19858.0135293435
1.64199999999993 20004.5951714421
1.64299999999993 20152.1653011863
1.64399999999993 20300.72996493
1.64499999999993 20450.2952422609
1.64599999999993 20600.8672461651
1.64699999999993 20752.452123189
1.64799999999993 20905.0560536037
1.64899999999993 21058.6852515675
1.64999999999993 21213.3459652928
1.65099999999993 21369.0444772115
1.65199999999993 21525.78710414
1.65299999999993 21683.5801974482
1.65399999999993 21842.4301432264
1.65499999999993 22002.3433624531
1.65599999999993 22163.3263111657
1.65699999999993 22325.3854806301
1.65799999999993 22488.5273975101
1.65899999999993 22652.7586240411
1.65999999999993 22818.0857581997
1.66099999999993 22984.5154338782
1.66199999999993 23152.0543210589
1.66299999999993 23320.7091259857
1.66399999999993 23490.4865913422
1.66499999999993 23661.3934964252
1.66599999999993 23833.4366573231
1.66699999999993 24006.6229270907
1.66799999999993 24180.959195931
1.66899999999993 24356.4523913701
1.66999999999993 24533.1094784397
1.67099999999993 24710.9374598547
1.67199999999993 24889.9433761968
1.67299999999993 25070.1343060956
1.67399999999993 25251.5173664098
1.67499999999993 25434.099712412
1.67599999999993 25617.8885379721
1.67699999999993 25802.8910757435
1.67799999999993 25989.114597346
1.67899999999993 26176.5664135559
1.67999999999993 26365.2538744899
1.68099999999993 26555.1843697946
1.68199999999993 26746.365328836
1.68299999999993 26938.8042208878
1.68399999999993 27132.5085553217
1.68499999999993 27327.4858818004
1.68599999999993 27523.7437904663
1.68699999999993 27721.289912138
1.68799999999992 27920.1319185014
1.68899999999992 28120.2775223037
1.68999999999992 28321.7344775514
1.69099999999992 28524.5105797038
1.69199999999992 28728.6136658701
1.69299999999992 28934.051615007
1.69399999999992 29140.8323481181
1.69499999999992 29348.9638284534
1.69599999999992 29558.4540617072
1.69699999999992 29769.3110962207
1.69799999999992 29981.5430231842
1.69899999999992 30195.1579768374
1.69999999999992 30410.1641346757
1.70099999999992 30626.569717652
1.70199999999992 30844.3829903845
1.70299999999992 31063.6122613593
1.70399999999992 31284.265883139
1.70499999999992 31506.3522525711
1.70599999999992 31729.8798109962
1.70699999999992 31954.8570444547
1.70799999999992 32181.2924839003
1.70899999999992 32409.1947054103
1.70999999999992 32638.5723303967
1.71099999999992 32869.4340258192
1.71199999999992 33101.7885044009
1.71299999999992 33335.6445248378
1.71399999999992 33571.0108920208
1.71499999999992 33807.8964572482
1.71599999999992 34046.3101184415
1.71699999999992 34286.260820368
1.71799999999992 34527.7575548562
1.71899999999992 34770.809361017
1.71999999999992 35015.4253254662
1.72099999999992 35261.6145825402
1.72199999999992 35509.3863145259
1.72299999999992 35758.7497518822
1.72399999999992 36009.7141734595
1.72499999999992 36262.2889067323
1.72599999999992 36516.4833280197
1.72699999999992 36772.3068627171
1.72799999999992 37029.7689855187
1.72899999999992 37288.8792206541
1.72999999999992 37549.6471421112
1.73099999999992 37812.0823738704
1.73199999999992 38076.1945901357
1.73299999999992 38341.9935155696
1.73399999999992 38609.488925523
1.73499999999992 38878.6906462726
1.73599999999992 39149.6085552555
1.73699999999992 39422.2525813044
1.73799999999992 39696.6327048909
1.73899999999992 39972.7589583557
1.73999999999992 40250.6414261541
1.74099999999992 40530.2902450923
1.74199999999992 40811.7156045736
1.74299999999992 41094.9277468365
1.74399999999992 41379.9369671994
1.74499999999992 41666.753614306
1.74599999999992 41955.3880903687
1.74699999999992 42245.8508514162
1.74799999999992 42538.15240754
1.74899999999992 42832.3033231431
1.74999999999992 43128.3142171897
1.75099999999992 43426.1957634544
1.75199999999992 43725.9586907735
1.75299999999992 44027.6137833
1.75399999999992 44331.1718807515
1.75499999999992 44636.643878668
1.75599999999992 44944.0407286702
1.75699999999992 45253.3734387101
1.75799999999992 45564.6530733274
1.75899999999992 45877.8907539176
1.75999999999992 46193.0976589793
1.76099999999992 46510.2850243852
1.76199999999992 46829.4641436345
1.76299999999992 47150.6463681214
1.76399999999992 47473.8431073968
1.76499999999992 47799.0658294343
1.76599999999992 48126.3260608919
1.76699999999992 48455.635387383
1.76799999999992 48787.0054537433
1.76899999999992 49120.4479642963
1.76999999999992 49455.9746831295
1.77099999999992 49793.5974343589
1.77199999999992 50133.3281024051
1.77299999999992 50475.1786322648
1.77399999999992 50819.1610297859
1.77499999999992 51165.2873619442
1.77599999999992 51513.5697571135
1.77699999999992 51864.0204053505
1.77799999999991 52216.6515586722
1.77899999999991 52571.4755313305
1.77999999999991 52928.5047000977
1.78099999999991 53287.7515045477
1.78199999999991 53649.2284473382
1.78299999999991 54012.9480944928
1.78399999999991 54378.9230756935
1.78499999999991 54747.1660845565
1.78599999999991 55117.6898789292
1.78699999999991 55490.5072811717
1.78799999999991 55865.6311784528
1.78899999999991 56243.0745230362
1.78999999999991 56622.8503325744
1.79099999999991 57004.9716904005
1.79199999999991 57389.4517458268
1.79299999999991 57776.303714434
1.79399999999991 58165.5408783719
1.79499999999991 58557.1765866576
1.79599999999991 58951.2242554722
1.79699999999991 59347.6973684614
1.79799999999991 59746.6094770405
1.79899999999991 60147.9742006877
1.79999999999991 60551.8052272596
1.80099999999991 60958.116313288
1.80199999999991 61366.9212842879
1.80299999999991 61778.2340350656
1.80399999999991 62192.0685300252
1.80499999999991 62608.4388034841
1.80599999999991 63027.3589599745
1.80699999999991 63448.8431745623
1.80799999999991 63872.9056931572
1.80899999999991 64299.5608328311
1.80999999999991 64728.8229821288
1.81099999999991 65160.7066013862
1.81199999999991 65595.2262230534
1.81299999999991 66032.3964520074
1.81399999999991 66472.2319658724
1.81499999999991 66914.7475153531
1.81599999999991 67359.9579245402
1.81699999999991 67807.8780912494
1.81799999999991 68258.5229873422
1.81899999999991 68711.9076590471
1.81999999999991 69168.0472272986
1.82099999999991 69626.956888056
1.82199999999991 70088.6519126426
1.82299999999991 70553.1476480716
1.82399999999991 71020.4595173809
1.82499999999991 71490.6030199715
1.82599999999991 71963.5937319388
1.82699999999991 72439.4473064071
1.82799999999991 72918.1794738793
1.82899999999991 73399.8060425618
1.82999999999991 73884.3428987173
1.83099999999991 74371.8060069995
1.83199999999991 74862.2114108039
1.83299999999991 75355.5752326044
1.83399999999991 75851.9136743054
1.83499999999991 76351.2430175912
1.83599999999991 76853.5796242628
1.83699999999991 77358.9399366042
1.83799999999991 77867.3404777239
1.83899999999991 78378.7978519113
1.83999999999991 78893.3287449906
1.84099999999991 79410.94992467
1.84199999999991 79931.6782409143
1.84299999999991 80455.5306262839
1.84399999999991 80982.5240963121
1.84499999999991 81512.6757498517
1.84599999999991 82046.0027694478
1.84699999999991 82582.5224216974
1.84799999999991 83122.2520576103
1.84899999999991 83665.2091129853
1.84999999999991 84211.4111087728
1.85099999999991 84760.8756514422
1.85199999999991 85313.6204333558
1.85299999999991 85869.6632331392
1.85399999999991 86429.0219160568
1.85499999999991 86991.7144343863
1.85599999999991 87557.7588277942
1.85699999999991 88127.1732237135
1.85799999999991 88699.9758377246
1.85899999999991 89276.1849739314
1.85999999999991 89855.8190253515
1.86099999999991 90438.896474295
1.86199999999991 91025.4358927466
1.86299999999991 91615.4559427569
1.86399999999991 92208.9753768283
1.86499999999991 92806.0130383095
1.86599999999991 93406.587861773
1.86699999999991 94010.7188734202
1.86799999999991 94618.4251914781
1.8689999999999 95229.7260265743
1.8699999999999 95844.6406821569
1.8709999999999 96463.1885548813
1.8719999999999 97085.3891350075
1.8729999999999 97711.2620068127
1.8739999999999 98340.8268489792
1.8749999999999 98974.1034350123
1.8759999999999 99611.111633637
1.8769999999999 100251.87140921
1.8779999999999 100896.402822126
1.8789999999999 101544.726029231
1.8799999999999 102196.86128423
1.8809999999999 102852.828938102
1.8819999999999 103512.64943952
1.8829999999999 104176.343335258
1.8839999999999 104843.931270617
1.8849999999999 105515.433989843
1.8859999999999 106190.872336548
1.8869999999999 106870.267254127
1.8879999999999 107553.639786189
1.8889999999999 108241.011076986
1.8899999999999 108932.402371826
1.8909999999999 109627.835017524
1.8919999999999 110327.33046281
1.8929999999999 111030.910258778
1.8939999999999 111738.59605931
1.8949999999999 112450.409621517
1.8959999999999 113166.372806172
1.8969999999999 113886.507578156
1.8979999999999 114610.836006888
1.8989999999999 115339.380266775
1.8999999999999 116072.16263765
1.9009999999999 116809.205505223
1.9019999999999 117550.531361522
1.9029999999999 118296.162805353
1.9039999999999 119046.122542729
1.9049999999999 119800.433387347
1.9059999999999 120559.118261014
1.9069999999999 121322.200194133
1.9079999999999 122089.702326136
1.9089999999999 122861.647905951
1.9099999999999 123638.060292468
1.9109999999999 124418.962954983
1.9119999999999 125204.379473686
1.9129999999999 125994.333540107
1.9139999999999 126788.848957589
1.9149999999999 127587.949641763
1.9159999999999 128391.65962101
1.9169999999999 129200.003036933
1.9179999999999 130013.004144843
1.9189999999999 130830.687314216
1.9199999999999 131653.077029186
1.9209999999999 132480.197889019
1.9219999999999 133312.074608588
1.9229999999999 134148.732018867
1.9239999999999 134990.195067404
1.9249999999999 135836.488818819
1.9259999999999 136687.638455278
1.9269999999999 137543.669276999
1.9279999999999 138404.606702721
1.9289999999999 139270.476270227
1.9299999999999 140141.303636811
1.9309999999999 141017.114579797
1.9319999999999 141897.934997017
1.9329999999999 142783.79090733
1.9339999999999 143674.708451117
1.9349999999999 144570.71389078
1.9359999999999 145471.833611251
1.9369999999999 146378.09412051
1.9379999999999 147289.522050079
1.9389999999999 148206.144155545
1.9399999999999 149127.987317067
1.9409999999999 150055.078539886
1.9419999999999 150987.44495487
1.9429999999999 151925.113818989
1.9439999999999 152868.112515872
1.9449999999999 153816.468556317
1.9459999999999 154770.209578812
1.9469999999999 155729.363350062
1.9479999999999 156693.957765529
1.9489999999999 157664.020849943
1.9499999999999 158639.580757854
1.9509999999999 159620.665774152
1.9519999999999 160607.304314609
1.9529999999999 161599.524926416
1.9539999999999 162597.356288724
1.9549999999999 163600.827213182
1.9559999999999 164609.966644484
1.9569999999999 165624.803660922
1.9579999999999 166645.367474913
1.9589999999999 167671.687433564
1.95999999999989 168703.793019235
1.96099999999989 169741.713850058
1.96199999999989 170785.47968053
1.96299999999989 171835.120402043
1.96399999999989 172890.666043466
1.96499999999989 173952.146771683
1.96599999999989 175019.592892176
1.96699999999989 176093.034849578
1.96799999999989 177172.50322825
1.96899999999989 178258.028752847
1.96999999999989 179349.642288884
1.97099999999989 180447.374843322
1.97199999999989 181551.257565128
1.97299999999989 182661.32174587
1.97399999999989 183777.598820278
1.97499999999989 184900.120366845
1.97599999999989 186028.918108399
1.97699999999989 187164.023912694
1.97799999999989 188305.469792989
1.97899999999989 189453.287908654
1.97999999999989 190607.510565747
1.98099999999989 191768.170217622
1.98199999999989 192935.299465512
1.98299999999989 194108.931059141
1.98399999999989 195289.097897306
1.98499999999989 196475.833028507
1.98599999999989 197669.169651529
1.98699999999989 198869.141116053
1.98799999999989 200075.780923282
1.98899999999989 201289.122726519
1.98999999999989 202509.200331828
1.99099999999989 203736.047698602
1.99199999999989 204969.698940211
1.99299999999989 206210.188324611
1.99399999999989 207457.550274964
1.99499999999989 208711.819370282
1.99599999999989 209973.030346019
1.99699999999989 211241.218094728
1.99799999999989 212516.41766669
1.99899999999989 213798.664270533
1.99999999999989 215087.99327388
