0 0
0.777778 0
1.55556 0
2.33333 0
3.11111 0
3.88889 0
4.66667 0
5.44444 0
6.22222 0
0.388889 0.673575
1.16667 0.673575
1.94444 0.673575
2.72222 0.673575
3.5 0.673575
4.27778 0.673575
5.05556 0.673575
5.83333 0.673575
6.61111 0.673575
0 1.34715
0.777778 1.34715
1.55556 1.34715
2.33333 1.34715
3.11111 1.34715
3.88889 1.34715
4.66667 1.34715
5.44444 1.34715
6.22222 1.34715
0.388889 2.02073
1.16667 2.02073
1.94444 2.02073
2.72222 2.02073
3.5 2.02073
4.27778 2.02073
5.05556 2.02073
5.83333 2.02073
6.61111 2.02073
0 2.6943
0.777778 2.6943
1.55556 2.6943
2.33333 2.6943
3.11111 2.6943
3.88889 2.6943
4.66667 2.6943
5.44444 2.6943
6.22222 2.6943
0.388889 3.36788
1.16667 3.36788
1.94444 3.36788
2.72222 3.36788
3.5 3.36788
4.27778 3.36788
5.05556 3.36788
5.83333 3.36788
6.61111 3.36788
0 4.04145
0.777778 4.04145
1.55556 4.04145
2.33333 4.04145
3.11111 4.04145
3.88889 4.04145
4.66667 4.04145
5.44444 4.04145
6.22222 4.04145
0.388889 4.71503
1.16667 4.71503
1.94444 4.71503
2.72222 4.71503
3.5 4.71503
4.27778 4.71503
5.05556 4.71503
5.83333 4.71503
6.61111 4.71503
0 5.3886
0.777778 5.3886
1.55556 5.3886
2.33333 5.3886
3.11111 5.3886
3.88889 5.3886
4.66667 5.3886
5.44444 5.3886
6.22222 5.3886
