0 0
0.555556 0
1.11111 0
1.66667 0
2.22222 0
2.77778 0
3.33333 0
3.88889 0
4.44444 0
0.277778 0.481125
0.833333 0.481125
1.38889 0.481125
1.94444 0.481125
2.5 0.481125
3.05556 0.481125
3.61111 0.481125
4.16667 0.481125
4.72222 0.481125
0 0.96225
0.555556 0.96225
1.11111 0.96225
1.66667 0.96225
2.22222 0.96225
2.77778 0.96225
3.33333 0.96225
3.88889 0.96225
4.44444 0.96225
0.277778 1.44338
0.833333 1.44338
1.38889 1.44338
1.94444 1.44338
2.5 1.44338
3.05556 1.44338
3.61111 1.44338
4.16667 1.44338
4.72222 1.44338
0 1.9245
0.555556 1.9245
1.11111 1.9245
1.66667 1.9245
2.22222 1.9245
2.77778 1.9245
3.33333 1.9245
3.88889 1.9245
4.44444 1.9245
0.277778 2.40563
0.833333 2.40563
1.38889 2.40563
1.94444 2.40563
2.5 2.40563
3.05556 2.40563
3.61111 2.40563
4.16667 2.40563
4.72222 2.40563
0 2.88675
0.555556 2.88675
1.11111 2.88675
1.66667 2.88675
2.22222 2.88675
2.77778 2.88675
3.33333 2.88675
3.88889 2.88675
4.44444 2.88675
0.277778 3.36788
0.833333 3.36788
1.38889 3.36788
1.94444 3.36788
2.5 3.36788
3.05556 3.36788
3.61111 3.36788
4.16667 3.36788
4.72222 3.36788
0 3.849
0.555556 3.849
1.11111 3.849
1.66667 3.849
2.22222 3.849
2.77778 3.849
3.33333 3.849
3.88889 3.849
4.44444 3.849
