0 0
0.723804 0
1.44761 0
2.17141 0
2.89522 0
3.61902 0
4.34282 0
5.06663 0
5.79043 0
0 0.723804
0.723804 0.723804
1.44761 0.723804
2.17141 0.723804
2.89522 0.723804
3.61902 0.723804
4.34282 0.723804
5.06663 0.723804
5.79043 0.723804
0 1.44761
0.723804 1.44761
1.44761 1.44761
2.17141 1.44761
2.89522 1.44761
3.61902 1.44761
4.34282 1.44761
5.06663 1.44761
5.79043 1.44761
0 2.17141
0.723804 2.17141
1.44761 2.17141
2.17141 2.17141
2.89522 2.17141
3.61902 2.17141
4.34282 2.17141
5.06663 2.17141
5.79043 2.17141
0 2.89522
0.723804 2.89522
1.44761 2.89522
2.17141 2.89522
2.89522 2.89522
3.61902 2.89522
4.34282 2.89522
5.06663 2.89522
5.79043 2.89522
0 3.61902
0.723804 3.61902
1.44761 3.61902
2.17141 3.61902
2.89522 3.61902
3.61902 3.61902
4.34282 3.61902
5.06663 3.61902
5.79043 3.61902
0 4.34282
0.723804 4.34282
1.44761 4.34282
2.17141 4.34282
2.89522 4.34282
3.61902 4.34282
4.34282 4.34282
5.06663 4.34282
5.79043 4.34282
0 5.06663
0.723804 5.06663
1.44761 5.06663
2.17141 5.06663
2.89522 5.06663
3.61902 5.06663
4.34282 5.06663
5.06663 5.06663
5.79043 5.06663
0 5.79043
0.723804 5.79043
1.44761 5.79043
2.17141 5.79043
2.89522 5.79043
3.61902 5.79043
4.34282 5.79043
5.06663 5.79043
5.79043 5.79043
