0 0
0.517003 0
1.03401 0
1.55101 0
2.06801 0
2.58501 0
3.10202 0
3.61902 0
4.13602 0
0 0.517003
0.517003 0.517003
1.03401 0.517003
1.55101 0.517003
2.06801 0.517003
2.58501 0.517003
3.10202 0.517003
3.61902 0.517003
4.13602 0.517003
0 1.03401
0.517003 1.03401
1.03401 1.03401
1.55101 1.03401
2.06801 1.03401
2.58501 1.03401
3.10202 1.03401
3.61902 1.03401
4.13602 1.03401
0 1.55101
0.517003 1.55101
1.03401 1.55101
1.55101 1.55101
2.06801 1.55101
2.58501 1.55101
3.10202 1.55101
3.61902 1.55101
4.13602 1.55101
0 2.06801
0.517003 2.06801
1.03401 2.06801
1.55101 2.06801
2.06801 2.06801
2.58501 2.06801
3.10202 2.06801
3.61902 2.06801
4.13602 2.06801
0 2.58501
0.517003 2.58501
1.03401 2.58501
1.55101 2.58501
2.06801 2.58501
2.58501 2.58501
3.10202 2.58501
3.61902 2.58501
4.13602 2.58501
0 3.10202
0.517003 3.10202
1.03401 3.10202
1.55101 3.10202
2.06801 3.10202
2.58501 3.10202
3.10202 3.10202
3.61902 3.10202
4.13602 3.10202
0 3.61902
0.517003 3.61902
1.03401 3.61902
1.55101 3.61902
2.06801 3.61902
2.58501 3.61902
3.10202 3.61902
3.61902 3.61902
4.13602 3.61902
0 4.13602
0.517003 4.13602
1.03401 4.13602
1.55101 4.13602
2.06801 4.13602
2.58501 4.13602
3.10202 4.13602
3.61902 4.13602
4.13602 4.13602
