0 0
0.775504 0
1.55101 0
2.32651 0
3.10202 0
3.87752 0
0 0.775504
0.775504 0.775504
1.55101 0.775504
2.32651 0.775504
3.10202 0.775504
3.87752 0.775504
0 1.55101
0.775504 1.55101
1.55101 1.55101
2.32651 1.55101
3.10202 1.55101
3.87752 1.55101
0 2.32651
0.775504 2.32651
1.55101 2.32651
2.32651 2.32651
3.10202 2.32651
3.87752 2.32651
0 3.10202
0.775504 3.10202
1.55101 3.10202
2.32651 3.10202
3.10202 3.10202
3.87752 3.10202
0 3.87752
0.775504 3.87752
1.55101 3.87752
2.32651 3.87752
3.10202 3.87752
3.87752 3.87752
