10 0.193 0.190 0.223 0.266
20 0.295 0.277 0.329 0.362
30 0.370 0.352 0.496 0.516
40 0.459 0.436 0.461 0.598
50 0.514 0.571 0.678 0.777 
100 0.830 0.907 0.939 1.304
200 1.534 1.842 2.502 2.631
300 2.348 2.671 2.556 3.853
400 3.030 3.238 3.335 4.965
500 3.797 4.144 4.258 6.394
600 4.452 5.235 5.881 7.511
700 5.070 5.795 6.179  8.809
800 6.140 6.726 6.243 9.844
900 6.473 7.725 6.524 11.038
1000 7.400 8.521 9.467 12.679
1200 8.894 9.935 10.462 15.887
1500 10.842 12.677 11.569 20.423
2000 14.598 16.278 17.832 25.461
2500 18.080 20.654 19.491 32.119
3000 21.520 25.014 23.783 37.792
3500 25.059 30.255 25.714 43.730
4000 28.677 33.200 32.427 53.486
4500 32.095 37.834 36.057 58.886
4700 33.348 38.953 37.363 61.251
4800 34.180 40.126 39.080 62.750 
4900 35.599 41.323 39.279 64.913
5000 36.186 41.648 41.350 67.347
