1 1.19557e-05
2 1.27836e-05
3 1.26303e-05
4 1.23939e-05
5 1.25737e-05
6 1.28985e-05
7 1.3311e-05
8 1.31249e-05
9 1.30544e-05
10 1.29537e-05
11 1.27379e-05
12 1.28994e-05
13 1.25936e-05
14 1.25683e-05
15 1.24243e-05
16 1.24632e-05
17 1.22782e-05
18 1.23143e-05
19 1.21718e-05
20 1.20822e-05
21 1.21042e-05
22 1.21758e-05
23 1.20605e-05
24 1.20947e-05
25 1.19942e-05
26 1.20149e-05
27 1.20013e-05
28 1.19459e-05
29 1.19921e-05
30 1.19647e-05
31 1.19529e-05
32 1.19918e-05
33 1.19647e-05
34 1.19692e-05
35 1.19635e-05
36 1.19713e-05
37 1.19229e-05
38 1.19272e-05
39 1.19247e-05
40 1.19598e-05
41 1.19566e-05
42 1.19602e-05
43 1.19719e-05
44 1.19586e-05
45 1.19954e-05
46 1.20298e-05
47 1.21012e-05
48 1.21432e-05
49 1.21296e-05
50 1.21297e-05
51 1.21123e-05
52 1.21029e-05
53 1.20823e-05
54 1.20694e-05
55 1.20469e-05
56 1.20334e-05
57 1.19784e-05
58 1.1973e-05
59 1.19565e-05
60 1.19307e-05
61 1.19292e-05
62 1.1944e-05
63 1.19392e-05
64 1.19375e-05
65 1.19642e-05
66 1.19373e-05
67 1.19633e-05
68 1.19547e-05
69 1.19237e-05
70 1.19089e-05
71 1.18831e-05
72 1.18505e-05
73 1.1847e-05
74 1.18535e-05
75 1.18177e-05
76 1.18198e-05
77 1.1865e-05
78 1.18702e-05
79 1.1899e-05
80 1.19062e-05
81 1.19388e-05
82 1.1933e-05
83 1.19157e-05
84 1.19034e-05
85 1.18807e-05
86 1.18747e-05
87 1.18628e-05
88 1.18581e-05
89 1.18547e-05
90 1.18331e-05
91 1.18635e-05
92 1.18542e-05
93 1.18427e-05
94 1.18182e-05
95 1.18136e-05
96 1.1814e-05
97 1.18212e-05
98 1.18164e-05
99 1.18138e-05
100 1.18033e-05
101 1.17934e-05
102 1.18076e-05
103 1.17799e-05
104 1.17978e-05
105 1.18158e-05
106 1.18066e-05
107 1.17844e-05
108 1.18012e-05
109 1.18151e-05
110 1.18412e-05
111 1.18323e-05
112 1.18195e-05
113 1.18194e-05
114 1.18124e-05
115 1.18187e-05
116 1.18103e-05
117 1.17913e-05
118 1.17879e-05
119 1.17727e-05
120 1.17702e-05
121 1.17656e-05
122 1.17689e-05
123 1.17733e-05
124 1.17863e-05
125 1.17846e-05
126 1.17885e-05
127 1.17874e-05
128 1.17931e-05
129 1.17711e-05
130 1.17921e-05
131 1.17658e-05
132 1.17553e-05
133 1.17569e-05
134 1.17553e-05
135 1.17624e-05
136 1.17726e-05
137 1.17794e-05
138 1.17604e-05
139 1.17636e-05
140 1.17529e-05
141 1.17647e-05
142 1.17721e-05
143 1.17857e-05
144 1.17888e-05
145 1.17883e-05
146 1.17811e-05
147 1.17884e-05
148 1.17844e-05
149 1.1782e-05
150 1.17706e-05
151 1.17671e-05
152 1.17548e-05
153 1.17592e-05
154 1.17499e-05
155 1.17618e-05
156 1.17583e-05
157 1.17469e-05
158 1.17477e-05
159 1.17399e-05
160 1.17562e-05
161 1.17566e-05
162 1.17597e-05
163 1.17582e-05
164 1.17721e-05
165 1.17722e-05
166 1.17727e-05
167 1.177e-05
168 1.17766e-05
169 1.17773e-05
170 1.1763e-05
171 1.17762e-05
172 1.1779e-05
173 1.17729e-05
174 1.1774e-05
175 1.1783e-05
176 1.17942e-05
177 1.17883e-05
178 1.17836e-05
179 1.17691e-05
180 1.17593e-05
181 1.17556e-05
182 1.176e-05
183 1.17592e-05
184 1.17666e-05
185 1.17633e-05
186 1.17561e-05
187 1.17603e-05
188 1.17699e-05
189 1.17802e-05
190 1.17794e-05
191 1.17815e-05
192 1.17802e-05
193 1.17883e-05
194 1.17887e-05
195 1.17917e-05
196 1.1783e-05
197 1.17921e-05
198 1.17927e-05
199 1.17933e-05
200 1.17931e-05
201 1.17883e-05
202 1.1787e-05
203 1.17861e-05
204 1.17831e-05
205 1.17759e-05
206 1.17783e-05
207 1.17855e-05
208 1.17827e-05
209 1.17809e-05
210 1.17793e-05
211 1.17869e-05
212 1.17839e-05
213 1.17834e-05
214 1.17914e-05
215 1.17807e-05
216 1.17753e-05
217 1.17776e-05
218 1.17748e-05
219 1.17799e-05
220 1.1783e-05
221 1.17777e-05
222 1.17754e-05
223 1.1769e-05
224 1.17732e-05
225 1.17729e-05
226 1.17735e-05
227 1.1765e-05
228 1.17661e-05
229 1.17631e-05
230 1.17603e-05
231 1.17604e-05
232 1.17562e-05
233 1.17439e-05
234 1.17459e-05
235 1.17402e-05
236 1.17349e-05
237 1.17381e-05
238 1.17306e-05
239 1.17366e-05
240 1.17235e-05
241 1.17222e-05
242 1.17146e-05
243 1.17171e-05
244 1.17219e-05
245 1.1714e-05
246 1.17107e-05
247 1.17091e-05
248 1.17067e-05
249 1.17083e-05
250 1.17133e-05
251 1.17204e-05
252 1.17263e-05
253 1.17237e-05
254 1.17269e-05
255 1.17234e-05
256 1.17228e-05
257 1.17263e-05
258 1.17396e-05
259 1.17406e-05
260 1.17471e-05
261 1.17593e-05
262 1.17643e-05
263 1.17671e-05
264 1.17711e-05
265 1.1766e-05
266 1.17653e-05
267 1.177e-05
268 1.17721e-05
269 1.17615e-05
270 1.17539e-05
271 1.17506e-05
272 1.17531e-05
273 1.17589e-05
274 1.17594e-05
275 1.17604e-05
276 1.17725e-05
277 1.17763e-05
278 1.17788e-05
279 1.17686e-05
280 1.17744e-05
281 1.17704e-05
282 1.17756e-05
283 1.17777e-05
284 1.17765e-05
285 1.17829e-05
286 1.17771e-05
287 1.17813e-05
288 1.17846e-05
289 1.17863e-05
290 1.17842e-05
291 1.17774e-05
292 1.17789e-05
293 1.17772e-05
294 1.17717e-05
295 1.17711e-05
296 1.17718e-05
297 1.17719e-05
298 1.17824e-05
299 1.17878e-05
300 1.179e-05
301 1.1786e-05
302 1.17922e-05
303 1.17947e-05
304 1.17968e-05
305 1.17971e-05
306 1.17956e-05
307 1.17906e-05
308 1.17817e-05
309 1.17867e-05
310 1.17895e-05
311 1.17883e-05
312 1.17872e-05
313 1.17862e-05
314 1.17905e-05
315 1.17911e-05
316 1.17929e-05
317 1.1789e-05
318 1.17938e-05
319 1.17934e-05
320 1.17912e-05
321 1.17986e-05
322 1.17976e-05
323 1.17916e-05
324 1.17908e-05
325 1.17869e-05
326 1.17819e-05
327 1.17803e-05
328 1.1777e-05
329 1.1784e-05
330 1.17859e-05
331 1.17789e-05
332 1.17798e-05
333 1.1774e-05
334 1.17685e-05
335 1.1765e-05
336 1.17661e-05
337 1.17638e-05
338 1.17554e-05
339 1.17482e-05
340 1.17516e-05
341 1.17501e-05
342 1.17459e-05
343 1.17461e-05
344 1.17459e-05
345 1.17465e-05
346 1.17432e-05
347 1.17433e-05
348 1.17411e-05
349 1.1735e-05
350 1.17353e-05
351 1.17286e-05
352 1.17271e-05
353 1.17225e-05
354 1.17148e-05
355 1.17123e-05
356 1.17152e-05
357 1.171e-05
358 1.17049e-05
359 1.17033e-05
360 1.17041e-05
361 1.17061e-05
362 1.17088e-05
363 1.17145e-05
364 1.17122e-05
365 1.17076e-05
366 1.17082e-05
367 1.17103e-05
368 1.17131e-05
369 1.17114e-05
370 1.17112e-05
371 1.17133e-05
372 1.17188e-05
373 1.17163e-05
374 1.17143e-05
375 1.17184e-05
376 1.17204e-05
377 1.17195e-05
378 1.1717e-05
379 1.17118e-05
380 1.17082e-05
381 1.17123e-05
382 1.17094e-05
383 1.17098e-05
384 1.17095e-05
385 1.17064e-05
386 1.17018e-05
387 1.17002e-05
388 1.1705e-05
389 1.17061e-05
390 1.17041e-05
391 1.17002e-05
392 1.16971e-05
393 1.16963e-05
394 1.17014e-05
395 1.16996e-05
396 1.16986e-05
397 1.17003e-05
398 1.17007e-05
399 1.1697e-05
400 1.16972e-05
401 1.16998e-05
402 1.17027e-05
403 1.17014e-05
404 1.17003e-05
405 1.17051e-05
406 1.17063e-05
407 1.17108e-05
408 1.17107e-05
409 1.17127e-05
410 1.17138e-05
411 1.1717e-05
412 1.17227e-05
413 1.17267e-05
414 1.17285e-05
415 1.17316e-05
416 1.17227e-05
417 1.17287e-05
418 1.17283e-05
419 1.17292e-05
420 1.17318e-05
421 1.17267e-05
422 1.17282e-05
423 1.17269e-05
424 1.17264e-05
425 1.17298e-05
426 1.17311e-05
427 1.17294e-05
428 1.17307e-05
429 1.17301e-05
430 1.17289e-05
431 1.17259e-05
432 1.17236e-05
433 1.1729e-05
434 1.17238e-05
435 1.17227e-05
436 1.1727e-05
437 1.1726e-05
438 1.17293e-05
439 1.1731e-05
440 1.17327e-05
441 1.1731e-05
442 1.1728e-05
443 1.17309e-05
444 1.17287e-05
445 1.17303e-05
446 1.17343e-05
447 1.17381e-05
448 1.17406e-05
449 1.17402e-05
450 1.17414e-05
451 1.17434e-05
452 1.17431e-05
453 1.17465e-05
454 1.17457e-05
455 1.17472e-05
456 1.17473e-05
457 1.17469e-05
458 1.17439e-05
459 1.17444e-05
460 1.17492e-05
461 1.17484e-05
462 1.17453e-05
463 1.17431e-05
464 1.1745e-05
465 1.1743e-05
466 1.17416e-05
467 1.17385e-05
468 1.17343e-05
469 1.17332e-05
470 1.17331e-05
471 1.17309e-05
472 1.17325e-05
473 1.17339e-05
474 1.17311e-05
475 1.17317e-05
476 1.17269e-05
477 1.17289e-05
478 1.17304e-05
479 1.17328e-05
480 1.17339e-05
481 1.17352e-05
482 1.17326e-05
483 1.17276e-05
484 1.17299e-05
485 1.17311e-05
486 1.17289e-05
487 1.17306e-05
488 1.17283e-05
489 1.17256e-05
490 1.17265e-05
491 1.1722e-05
492 1.17232e-05
493 1.17224e-05
494 1.17186e-05
495 1.17189e-05
496 1.1716e-05
497 1.1717e-05
498 1.17159e-05
499 1.17139e-05
500 1.17137e-05
501 1.17135e-05
502 1.17111e-05
503 1.17123e-05
504 1.171e-05
505 1.17083e-05
506 1.17049e-05
507 1.17041e-05
508 1.17046e-05
509 1.17076e-05
510 1.1704e-05
511 1.1704e-05
512 1.17014e-05
513 1.17044e-05
514 1.17056e-05
515 1.1707e-05
516 1.17073e-05
517 1.1709e-05
518 1.17077e-05
519 1.17087e-05
520 1.17078e-05
521 1.17135e-05
522 1.17121e-05
523 1.17105e-05
524 1.17107e-05
525 1.17057e-05
526 1.17052e-05
527 1.17053e-05
528 1.17063e-05
529 1.17048e-05
530 1.1706e-05
531 1.17051e-05
532 1.17098e-05
533 1.17115e-05
534 1.17106e-05
535 1.17102e-05
536 1.1712e-05
537 1.17129e-05
538 1.17091e-05
539 1.17076e-05
540 1.1713e-05
541 1.17096e-05
542 1.17081e-05
543 1.17056e-05
544 1.17028e-05
545 1.16992e-05
546 1.16985e-05
547 1.16972e-05
548 1.16983e-05
549 1.17012e-05
550 1.17068e-05
551 1.17065e-05
552 1.17041e-05
553 1.17039e-05
554 1.17038e-05
555 1.17017e-05
556 1.17009e-05
557 1.17014e-05
558 1.16973e-05
559 1.16967e-05
560 1.16923e-05
561 1.16915e-05
562 1.16881e-05
563 1.16895e-05
564 1.16908e-05
565 1.16948e-05
566 1.1696e-05
567 1.16941e-05
568 1.16985e-05
569 1.16982e-05
570 1.16992e-05
571 1.16994e-05
572 1.17026e-05
573 1.17021e-05
574 1.17008e-05
575 1.17032e-05
576 1.17025e-05
577 1.17025e-05
578 1.17016e-05
579 1.17035e-05
580 1.17077e-05
581 1.1705e-05
582 1.17101e-05
583 1.17074e-05
584 1.17059e-05
585 1.17064e-05
586 1.17091e-05
587 1.171e-05
588 1.17142e-05
589 1.17145e-05
590 1.1716e-05
591 1.17135e-05
592 1.17168e-05
593 1.17174e-05
594 1.1719e-05
595 1.17182e-05
596 1.17148e-05
597 1.17143e-05
598 1.17085e-05
599 1.17059e-05
600 1.17042e-05
601 1.17046e-05
602 1.17024e-05
603 1.17027e-05
604 1.17043e-05
605 1.17012e-05
606 1.17031e-05
607 1.17059e-05
608 1.1706e-05
609 1.17045e-05
610 1.17085e-05
611 1.17092e-05
612 1.17095e-05
613 1.17105e-05
614 1.17127e-05
615 1.17134e-05
616 1.17121e-05
617 1.17104e-05
618 1.17123e-05
619 1.17111e-05
620 1.1714e-05
621 1.17166e-05
622 1.17177e-05
623 1.17187e-05
624 1.17216e-05
625 1.1722e-05
626 1.17221e-05
627 1.17257e-05
628 1.17266e-05
629 1.17245e-05
630 1.17263e-05
631 1.17262e-05
632 1.17287e-05
633 1.17276e-05
634 1.17305e-05
635 1.17318e-05
636 1.17348e-05
637 1.17374e-05
638 1.17377e-05
639 1.17381e-05
640 1.17388e-05
641 1.1738e-05
642 1.17403e-05
643 1.17468e-05
644 1.17453e-05
645 1.17472e-05
646 1.17443e-05
647 1.17451e-05
648 1.1745e-05
649 1.17443e-05
650 1.17457e-05
651 1.17443e-05
652 1.17459e-05
653 1.17447e-05
654 1.17479e-05
655 1.1748e-05
656 1.17513e-05
657 1.1747e-05
658 1.17522e-05
659 1.17571e-05
660 1.17582e-05
661 1.17586e-05
662 1.17584e-05
663 1.17584e-05
664 1.17553e-05
665 1.17544e-05
666 1.17512e-05
667 1.17511e-05
668 1.17521e-05
669 1.17562e-05
670 1.17524e-05
671 1.17522e-05
672 1.17516e-05
673 1.17522e-05
674 1.17544e-05
675 1.17585e-05
676 1.17554e-05
677 1.17549e-05
678 1.17553e-05
679 1.17555e-05
680 1.17543e-05
681 1.17537e-05
682 1.17538e-05
683 1.17524e-05
684 1.17518e-05
685 1.17527e-05
686 1.17544e-05
687 1.17519e-05
688 1.17529e-05
689 1.17566e-05
690 1.17566e-05
691 1.17564e-05
692 1.17557e-05
693 1.17523e-05
694 1.17503e-05
695 1.17507e-05
696 1.1749e-05
697 1.17489e-05
698 1.17484e-05
699 1.17473e-05
700 1.17486e-05
701 1.17511e-05
702 1.17502e-05
703 1.17536e-05
704 1.17521e-05
705 1.1752e-05
706 1.17515e-05
707 1.17484e-05
708 1.17474e-05
709 1.17473e-05
710 1.17458e-05
711 1.17449e-05
712 1.17438e-05
713 1.17428e-05
714 1.17435e-05
715 1.17438e-05
716 1.17433e-05
717 1.17458e-05
718 1.17472e-05
719 1.17477e-05
720 1.17459e-05
721 1.17475e-05
722 1.17463e-05
723 1.17448e-05
724 1.17454e-05
725 1.1745e-05
726 1.17439e-05
727 1.17454e-05
728 1.17435e-05
729 1.17426e-05
730 1.17407e-05
731 1.17381e-05
732 1.17396e-05
733 1.17425e-05
734 1.17404e-05
735 1.17375e-05
736 1.17376e-05
737 1.17408e-05
738 1.17392e-05
739 1.17371e-05
740 1.17349e-05
741 1.17346e-05
742 1.17339e-05
743 1.17335e-05
744 1.17297e-05
745 1.17268e-05
746 1.1723e-05
747 1.17225e-05
748 1.17247e-05
749 1.17249e-05
750 1.17241e-05
751 1.17215e-05
752 1.17195e-05
753 1.1717e-05
754 1.17182e-05
755 1.17187e-05
756 1.17239e-05
757 1.17232e-05
758 1.17243e-05
759 1.17266e-05
760 1.17273e-05
761 1.17334e-05
762 1.1736e-05
763 1.17343e-05
764 1.1737e-05
765 1.17385e-05
766 1.17382e-05
767 1.17392e-05
768 1.17424e-05
769 1.1742e-05
770 1.17407e-05
771 1.17397e-05
772 1.17377e-05
773 1.17404e-05
774 1.17435e-05
775 1.17434e-05
776 1.17439e-05
777 1.17428e-05
778 1.17427e-05
779 1.17435e-05
780 1.17419e-05
781 1.17385e-05
782 1.1736e-05
783 1.17381e-05
784 1.17381e-05
785 1.17392e-05
786 1.17402e-05
787 1.17428e-05
788 1.17455e-05
789 1.17432e-05
790 1.17445e-05
791 1.17421e-05
792 1.17401e-05
793 1.17419e-05
794 1.17449e-05
795 1.17443e-05
796 1.17468e-05
797 1.17444e-05
798 1.17407e-05
799 1.17403e-05
800 1.17384e-05
801 1.17368e-05
802 1.17412e-05
803 1.1742e-05
804 1.17418e-05
805 1.17403e-05
806 1.17405e-05
807 1.17383e-05
808 1.17384e-05
809 1.17394e-05
810 1.17374e-05
811 1.17368e-05
812 1.17374e-05
813 1.17405e-05
814 1.17418e-05
815 1.17428e-05
816 1.17437e-05
817 1.17441e-05
818 1.17425e-05
819 1.17421e-05
820 1.17429e-05
821 1.17442e-05
822 1.17457e-05
823 1.17478e-05
824 1.17456e-05
825 1.1744e-05
826 1.17426e-05
827 1.17396e-05
828 1.17395e-05
829 1.17414e-05
830 1.17406e-05
831 1.174e-05
832 1.17409e-05
833 1.17389e-05
834 1.17366e-05
835 1.1735e-05
836 1.17324e-05
837 1.17357e-05
838 1.17359e-05
839 1.17345e-05
840 1.17335e-05
841 1.17355e-05
842 1.17367e-05
843 1.17345e-05
844 1.17378e-05
845 1.1737e-05
846 1.17363e-05
847 1.17384e-05
848 1.17378e-05
849 1.17382e-05
850 1.1737e-05
851 1.1738e-05
852 1.17368e-05
853 1.17363e-05
854 1.17373e-05
855 1.17375e-05
856 1.17365e-05
857 1.17365e-05
858 1.17372e-05
859 1.17356e-05
860 1.1737e-05
861 1.17398e-05
862 1.17414e-05
863 1.17407e-05
864 1.17408e-05
865 1.17423e-05
866 1.17421e-05
867 1.17424e-05
868 1.17439e-05
869 1.17426e-05
870 1.17454e-05
871 1.17445e-05
872 1.17452e-05
873 1.1743e-05
874 1.17443e-05
875 1.17458e-05
876 1.17451e-05
877 1.17436e-05
878 1.17421e-05
879 1.17421e-05
880 1.17455e-05
881 1.17467e-05
882 1.17473e-05
883 1.17494e-05
884 1.17484e-05
885 1.17471e-05
886 1.17466e-05
887 1.17473e-05
888 1.175e-05
889 1.17488e-05
890 1.17493e-05
891 1.17505e-05
892 1.17502e-05
893 1.17487e-05
894 1.17484e-05
895 1.17492e-05
896 1.17476e-05
897 1.17478e-05
898 1.17471e-05
899 1.17484e-05
900 1.17481e-05
901 1.17503e-05
902 1.17493e-05
903 1.17497e-05
904 1.17501e-05
905 1.1749e-05
906 1.17457e-05
907 1.1747e-05
908 1.17465e-05
909 1.17497e-05
910 1.1748e-05
911 1.17479e-05
912 1.17466e-05
913 1.17466e-05
914 1.17485e-05
915 1.17483e-05
916 1.17496e-05
917 1.175e-05
918 1.17502e-05
919 1.17513e-05
920 1.17516e-05
921 1.17506e-05
922 1.17513e-05
923 1.17513e-05
924 1.17502e-05
925 1.17513e-05
926 1.17513e-05
927 1.17511e-05
928 1.17516e-05
929 1.17498e-05
930 1.17522e-05
931 1.17515e-05
932 1.17496e-05
933 1.17507e-05
934 1.17498e-05
935 1.17485e-05
936 1.17478e-05
937 1.17519e-05
938 1.17511e-05
939 1.17532e-05
940 1.17535e-05
941 1.17559e-05
942 1.17567e-05
943 1.17576e-05
944 1.17576e-05
945 1.17592e-05
946 1.17582e-05
947 1.17592e-05
948 1.17595e-05
949 1.176e-05
950 1.17598e-05
951 1.1758e-05
952 1.17581e-05
953 1.17545e-05
954 1.17556e-05
955 1.17583e-05
956 1.17612e-05
957 1.17604e-05
958 1.17629e-05
959 1.17652e-05
960 1.17644e-05
961 1.1765e-05
962 1.17668e-05
963 1.17669e-05
964 1.17705e-05
965 1.17694e-05
966 1.17682e-05
967 1.17677e-05
968 1.17684e-05
969 1.17693e-05
970 1.17709e-05
971 1.17705e-05
972 1.17699e-05
973 1.17707e-05
974 1.17723e-05
975 1.17726e-05
976 1.17725e-05
977 1.17715e-05
978 1.17719e-05
979 1.17722e-05
980 1.17752e-05
981 1.17732e-05
982 1.17729e-05
983 1.17746e-05
984 1.17736e-05
985 1.17753e-05
986 1.1775e-05
987 1.17764e-05
988 1.17767e-05
989 1.17755e-05
990 1.17755e-05
991 1.17746e-05
992 1.17728e-05
993 1.17711e-05
994 1.17721e-05
995 1.17737e-05
996 1.17765e-05
997 1.17758e-05
998 1.17752e-05
999 1.17746e-05
1000 1.17724e-05
1001 1.17725e-05
1002 1.17728e-05
1003 1.17715e-05
1004 1.17729e-05
1005 1.17733e-05
1006 1.17759e-05
1007 1.17761e-05
1008 1.17748e-05
1009 1.17767e-05
1010 1.17764e-05
1011 1.1776e-05
1012 1.17758e-05
1013 1.17775e-05
1014 1.17771e-05
1015 1.17788e-05
1016 1.17783e-05
1017 1.17774e-05
1018 1.17782e-05
1019 1.17794e-05
1020 1.17792e-05
1021 1.17789e-05
1022 1.17789e-05
1023 1.1778e-05
1024 1.17779e-05
1025 1.17796e-05
1026 1.17779e-05
1027 1.17777e-05
1028 1.17786e-05
1029 1.17785e-05
1030 1.17765e-05
1031 1.17759e-05
1032 1.17754e-05
1033 1.17763e-05
1034 1.17746e-05
1035 1.17762e-05
1036 1.17774e-05
1037 1.17782e-05
1038 1.1776e-05
1039 1.17744e-05
1040 1.17748e-05
1041 1.1774e-05
1042 1.17752e-05
1043 1.17755e-05
1044 1.17773e-05
1045 1.17797e-05
1046 1.17789e-05
1047 1.17788e-05
1048 1.17786e-05
1049 1.17815e-05
1050 1.17809e-05
1051 1.17813e-05
1052 1.17801e-05
1053 1.17795e-05
1054 1.17818e-05
1055 1.1782e-05
1056 1.17823e-05
1057 1.17832e-05
1058 1.1784e-05
1059 1.17836e-05
1060 1.17827e-05
1061 1.17806e-05
1062 1.17802e-05
1063 1.17798e-05
1064 1.17803e-05
1065 1.17786e-05
1066 1.1777e-05
1067 1.17767e-05
1068 1.17765e-05
1069 1.17774e-05
1070 1.17769e-05
1071 1.17763e-05
1072 1.17753e-05
1073 1.17756e-05
1074 1.17767e-05
1075 1.17765e-05
1076 1.17769e-05
1077 1.17773e-05
1078 1.17766e-05
1079 1.17763e-05
1080 1.17763e-05
1081 1.17759e-05
1082 1.17775e-05
1083 1.17759e-05
1084 1.17768e-05
1085 1.17763e-05
1086 1.17764e-05
1087 1.17744e-05
1088 1.17764e-05
1089 1.17764e-05
1090 1.1774e-05
1091 1.17732e-05
1092 1.17707e-05
1093 1.17698e-05
1094 1.17703e-05
1095 1.17701e-05
1096 1.17683e-05
1097 1.17686e-05
1098 1.17678e-05
1099 1.17656e-05
1100 1.17678e-05
1101 1.17695e-05
1102 1.17694e-05
1103 1.1769e-05
1104 1.17698e-05
1105 1.17684e-05
1106 1.1769e-05
1107 1.17682e-05
1108 1.17693e-05
1109 1.17673e-05
1110 1.1768e-05
1111 1.17671e-05
1112 1.17665e-05
1113 1.17662e-05
1114 1.17665e-05
1115 1.17671e-05
1116 1.17665e-05
1117 1.17661e-05
1118 1.17672e-05
1119 1.17685e-05
1120 1.17679e-05
1121 1.17677e-05
1122 1.17664e-05
1123 1.17652e-05
1124 1.17658e-05
1125 1.17661e-05
1126 1.17676e-05
1127 1.17688e-05
1128 1.17684e-05
1129 1.17693e-05
1130 1.17686e-05
1131 1.17706e-05
1132 1.17695e-05
1133 1.17717e-05
1134 1.17742e-05
1135 1.17734e-05
1136 1.17731e-05
1137 1.17732e-05
1138 1.17745e-05
1139 1.1776e-05
1140 1.17751e-05
1141 1.17762e-05
1142 1.17771e-05
1143 1.17781e-05
1144 1.17784e-05
1145 1.17777e-05
1146 1.17781e-05
1147 1.17772e-05
1148 1.17764e-05
1149 1.17761e-05
1150 1.17777e-05
1151 1.17761e-05
1152 1.17788e-05
1153 1.17779e-05
1154 1.17793e-05
1155 1.17778e-05
1156 1.17802e-05
1157 1.17801e-05
1158 1.17816e-05
1159 1.17814e-05
1160 1.17842e-05
1161 1.17836e-05
1162 1.17847e-05
1163 1.17838e-05
1164 1.17841e-05
1165 1.1784e-05
1166 1.17849e-05
1167 1.17873e-05
1168 1.1788e-05
1169 1.17868e-05
1170 1.17873e-05
1171 1.1786e-05
1172 1.17857e-05
1173 1.17846e-05
1174 1.17836e-05
1175 1.17856e-05
1176 1.17862e-05
1177 1.1786e-05
1178 1.17838e-05
1179 1.17839e-05
1180 1.17818e-05
1181 1.17812e-05
1182 1.17827e-05
1183 1.17807e-05
1184 1.17812e-05
1185 1.17827e-05
1186 1.17818e-05
1187 1.17829e-05
1188 1.17822e-05
1189 1.17812e-05
1190 1.17801e-05
1191 1.17818e-05
1192 1.17817e-05
1193 1.17805e-05
1194 1.1778e-05
1195 1.17755e-05
1196 1.17763e-05
1197 1.17765e-05
1198 1.17761e-05
1199 1.17763e-05
1200 1.17761e-05
1201 1.17767e-05
1202 1.17762e-05
1203 1.17756e-05
1204 1.17762e-05
1205 1.17777e-05
1206 1.17788e-05
1207 1.17785e-05
1208 1.17791e-05
1209 1.17782e-05
1210 1.17789e-05
1211 1.1779e-05
1212 1.17796e-05
1213 1.17781e-05
1214 1.17776e-05
1215 1.17775e-05
1216 1.17774e-05
1217 1.17767e-05
1218 1.17769e-05
1219 1.17776e-05
1220 1.17778e-05
1221 1.17771e-05
1222 1.17761e-05
1223 1.17759e-05
1224 1.17748e-05
1225 1.1774e-05
1226 1.17737e-05
1227 1.17743e-05
1228 1.17751e-05
1229 1.17746e-05
1230 1.17771e-05
1231 1.17765e-05
1232 1.17766e-05
1233 1.17782e-05
1234 1.17789e-05
1235 1.17807e-05
1236 1.17824e-05
1237 1.17824e-05
1238 1.17815e-05
1239 1.17801e-05
1240 1.17787e-05
1241 1.17794e-05
1242 1.17798e-05
1243 1.17784e-05
1244 1.17802e-05
1245 1.17802e-05
1246 1.17812e-05
1247 1.17809e-05
1248 1.17807e-05
1249 1.17805e-05
1250 1.17794e-05
1251 1.17803e-05
1252 1.17788e-05
1253 1.17784e-05
1254 1.17779e-05
1255 1.1778e-05
1256 1.17752e-05
1257 1.17737e-05
1258 1.17725e-05
1259 1.17728e-05
1260 1.17729e-05
1261 1.1772e-05
1262 1.17701e-05
1263 1.17705e-05
1264 1.17712e-05
1265 1.17717e-05
1266 1.17728e-05
1267 1.17732e-05
1268 1.17731e-05
1269 1.1774e-05
1270 1.17751e-05
1271 1.17766e-05
1272 1.1777e-05
1273 1.17759e-05
1274 1.17769e-05
1275 1.17783e-05
1276 1.17774e-05
1277 1.17774e-05
1278 1.17779e-05
1279 1.17775e-05
1280 1.17774e-05
1281 1.17786e-05
1282 1.17795e-05
1283 1.17803e-05
1284 1.17807e-05
1285 1.17812e-05
1286 1.17823e-05
1287 1.17826e-05
1288 1.17816e-05
1289 1.17802e-05
1290 1.17809e-05
1291 1.17801e-05
1292 1.17799e-05
1293 1.17792e-05
1294 1.17788e-05
1295 1.17805e-05
1296 1.17813e-05
1297 1.17804e-05
1298 1.17798e-05
1299 1.17799e-05
1300 1.1781e-05
1301 1.17819e-05
1302 1.17817e-05
1303 1.17806e-05
1304 1.17812e-05
1305 1.17806e-05
1306 1.17797e-05
1307 1.17783e-05
1308 1.17806e-05
1309 1.17829e-05
1310 1.17833e-05
1311 1.17831e-05
1312 1.17808e-05
1313 1.17807e-05
1314 1.17823e-05
1315 1.17814e-05
1316 1.17818e-05
1317 1.17808e-05
1318 1.17822e-05
1319 1.17814e-05
1320 1.17812e-05
1321 1.17816e-05
1322 1.17827e-05
1323 1.1783e-05
1324 1.17834e-05
1325 1.17832e-05
1326 1.17822e-05
1327 1.17828e-05
1328 1.17839e-05
1329 1.17839e-05
1330 1.17841e-05
1331 1.1784e-05
1332 1.17843e-05
1333 1.17833e-05
1334 1.1783e-05
1335 1.1783e-05
1336 1.17828e-05
1337 1.17822e-05
1338 1.1782e-05
1339 1.17827e-05
1340 1.17824e-05
1341 1.17838e-05
1342 1.17839e-05
1343 1.17834e-05
1344 1.17842e-05
1345 1.17832e-05
1346 1.17827e-05
1347 1.17825e-05
1348 1.17837e-05
1349 1.17852e-05
1350 1.17848e-05
1351 1.17838e-05
1352 1.17837e-05
1353 1.17835e-05
1354 1.17832e-05
1355 1.17835e-05
1356 1.17853e-05
1357 1.17858e-05
1358 1.17851e-05
1359 1.17839e-05
1360 1.17837e-05
1361 1.17846e-05
1362 1.17855e-05
1363 1.17859e-05
1364 1.17866e-05
1365 1.17875e-05
1366 1.17866e-05
1367 1.1788e-05
1368 1.17883e-05
1369 1.17883e-05
1370 1.17874e-05
1371 1.17881e-05
1372 1.17899e-05
1373 1.17905e-05
1374 1.17901e-05
1375 1.17909e-05
1376 1.17904e-05
1377 1.17903e-05
1378 1.17895e-05
1379 1.17881e-05
1380 1.17879e-05
1381 1.17868e-05
1382 1.17852e-05
1383 1.17864e-05
1384 1.1787e-05
1385 1.17855e-05
1386 1.17857e-05
1387 1.1786e-05
1388 1.17873e-05
1389 1.17872e-05
1390 1.17863e-05
1391 1.17867e-05
1392 1.17881e-05
1393 1.17885e-05
1394 1.17885e-05
1395 1.17905e-05
1396 1.17905e-05
1397 1.17904e-05
1398 1.17894e-05
1399 1.17891e-05
1400 1.17911e-05
1401 1.17909e-05
1402 1.17912e-05
1403 1.1792e-05
1404 1.1793e-05
1405 1.17926e-05
1406 1.17936e-05
1407 1.17931e-05
1408 1.17925e-05
1409 1.17931e-05
1410 1.17922e-05
1411 1.17916e-05
1412 1.17916e-05
1413 1.17909e-05
1414 1.17906e-05
1415 1.17899e-05
1416 1.17901e-05
1417 1.17882e-05
1418 1.1789e-05
1419 1.17884e-05
1420 1.17888e-05
1421 1.17892e-05
1422 1.17882e-05
1423 1.17897e-05
1424 1.17905e-05
1425 1.17906e-05
1426 1.17902e-05
1427 1.17912e-05
1428 1.17906e-05
1429 1.17898e-05
1430 1.17877e-05
1431 1.17879e-05
1432 1.17884e-05
1433 1.17871e-05
1434 1.17884e-05
1435 1.17894e-05
1436 1.17896e-05
1437 1.17899e-05
1438 1.17891e-05
1439 1.17898e-05
1440 1.17897e-05
1441 1.179e-05
1442 1.17905e-05
1443 1.17896e-05
1444 1.17894e-05
1445 1.17897e-05
1446 1.17896e-05
1447 1.17902e-05
1448 1.17894e-05
1449 1.17894e-05
1450 1.17901e-05
1451 1.1789e-05
1452 1.17891e-05
1453 1.17884e-05
1454 1.17888e-05
1455 1.17884e-05
1456 1.17874e-05
1457 1.17887e-05
1458 1.17886e-05
1459 1.17888e-05
1460 1.179e-05
1461 1.17898e-05
1462 1.17902e-05
1463 1.17926e-05
1464 1.17913e-05
1465 1.17894e-05
1466 1.17903e-05
1467 1.17883e-05
1468 1.17871e-05
1469 1.17875e-05
1470 1.17874e-05
1471 1.17882e-05
1472 1.17891e-05
1473 1.17884e-05
1474 1.179e-05
1475 1.17911e-05
1476 1.17918e-05
1477 1.17921e-05
1478 1.17924e-05
1479 1.17931e-05
1480 1.17931e-05
1481 1.17946e-05
1482 1.17939e-05
1483 1.17951e-05
1484 1.17949e-05
1485 1.17964e-05
1486 1.1797e-05
1487 1.17962e-05
1488 1.17953e-05
1489 1.17963e-05
1490 1.17967e-05
1491 1.17962e-05
1492 1.17977e-05
1493 1.17984e-05
1494 1.17973e-05
1495 1.17976e-05
1496 1.17971e-05
1497 1.17977e-05
1498 1.1798e-05
1499 1.17964e-05
1500 1.17974e-05
1501 1.17983e-05
1502 1.17981e-05
1503 1.17988e-05
1504 1.18004e-05
1505 1.17993e-05
1506 1.17988e-05
1507 1.17986e-05
1508 1.17978e-05
1509 1.1797e-05
1510 1.17981e-05
1511 1.17973e-05
1512 1.17972e-05
1513 1.17966e-05
1514 1.17964e-05
1515 1.17975e-05
1516 1.17967e-05
1517 1.17966e-05
1518 1.17969e-05
1519 1.17976e-05
1520 1.17965e-05
1521 1.17967e-05
1522 1.17957e-05
1523 1.17962e-05
1524 1.17957e-05
1525 1.17959e-05
1526 1.17955e-05
1527 1.17956e-05
1528 1.1796e-05
1529 1.1796e-05
1530 1.17951e-05
1531 1.17962e-05
1532 1.17973e-05
1533 1.17963e-05
1534 1.17969e-05
1535 1.17961e-05
1536 1.1798e-05
1537 1.17975e-05
1538 1.17977e-05
1539 1.17975e-05
1540 1.17969e-05
1541 1.17967e-05
1542 1.17983e-05
1543 1.17987e-05
1544 1.17975e-05
1545 1.17981e-05
1546 1.1798e-05
1547 1.17985e-05
1548 1.17977e-05
1549 1.17984e-05
1550 1.17982e-05
1551 1.17989e-05
1552 1.17982e-05
1553 1.17976e-05
1554 1.17966e-05
1555 1.17966e-05
1556 1.17967e-05
1557 1.17962e-05
1558 1.17967e-05
1559 1.1796e-05
1560 1.17969e-05
1561 1.1797e-05
1562 1.17979e-05
1563 1.17971e-05
1564 1.1797e-05
1565 1.1796e-05
1566 1.17961e-05
1567 1.17977e-05
1568 1.17979e-05
1569 1.17988e-05
1570 1.17999e-05
1571 1.18015e-05
1572 1.18008e-05
1573 1.18024e-05
1574 1.18005e-05
1575 1.17992e-05
1576 1.17982e-05
1577 1.17976e-05
1578 1.17977e-05
1579 1.17976e-05
1580 1.17977e-05
1581 1.17967e-05
1582 1.17973e-05
1583 1.17971e-05
1584 1.17964e-05
1585 1.17961e-05
1586 1.17953e-05
1587 1.17957e-05
1588 1.17951e-05
1589 1.17954e-05
1590 1.17962e-05
1591 1.17954e-05
1592 1.17956e-05
1593 1.17965e-05
1594 1.17971e-05
1595 1.17983e-05
1596 1.17984e-05
1597 1.17989e-05
1598 1.17979e-05
1599 1.1797e-05
1600 1.1796e-05
1601 1.17952e-05
1602 1.17956e-05
1603 1.17945e-05
1604 1.17955e-05
1605 1.17959e-05
1606 1.17951e-05
1607 1.17957e-05
1608 1.17958e-05
1609 1.17963e-05
1610 1.17961e-05
1611 1.17964e-05
1612 1.17961e-05
1613 1.17956e-05
1614 1.17959e-05
1615 1.17966e-05
1616 1.17963e-05
1617 1.17976e-05
1618 1.17981e-05
1619 1.17999e-05
1620 1.18007e-05
1621 1.18007e-05
1622 1.18006e-05
1623 1.17997e-05
1624 1.17993e-05
1625 1.18007e-05
1626 1.18002e-05
1627 1.17997e-05
1628 1.17994e-05
1629 1.17993e-05
1630 1.1799e-05
1631 1.17994e-05
1632 1.17992e-05
1633 1.17989e-05
1634 1.17993e-05
1635 1.17992e-05
1636 1.17999e-05
1637 1.17996e-05
1638 1.17991e-05
1639 1.17991e-05
1640 1.17999e-05
1641 1.18009e-05
1642 1.18017e-05
1643 1.18017e-05
1644 1.18026e-05
1645 1.18021e-05
1646 1.1801e-05
1647 1.18017e-05
1648 1.18026e-05
1649 1.1803e-05
1650 1.18022e-05
1651 1.18011e-05
1652 1.18021e-05
1653 1.18023e-05
1654 1.18018e-05
1655 1.1801e-05
1656 1.18012e-05
1657 1.17999e-05
1658 1.17994e-05
1659 1.17993e-05
1660 1.1798e-05
1661 1.17974e-05
1662 1.17987e-05
1663 1.17979e-05
1664 1.17967e-05
1665 1.17972e-05
1666 1.17979e-05
1667 1.17979e-05
1668 1.17995e-05
1669 1.17983e-05
1670 1.1797e-05
1671 1.17975e-05
1672 1.17976e-05
1673 1.17982e-05
1674 1.17988e-05
1675 1.17993e-05
1676 1.1798e-05
1677 1.1797e-05
1678 1.17975e-05
1679 1.17981e-05
1680 1.17993e-05
1681 1.17995e-05
1682 1.17995e-05
1683 1.17989e-05
1684 1.17986e-05
1685 1.17989e-05
1686 1.1798e-05
1687 1.17982e-05
1688 1.17995e-05
1689 1.18e-05
1690 1.1799e-05
1691 1.17983e-05
1692 1.17981e-05
1693 1.17981e-05
1694 1.17984e-05
1695 1.17986e-05
1696 1.17993e-05
1697 1.17985e-05
1698 1.17997e-05
1699 1.17992e-05
1700 1.17988e-05
1701 1.17979e-05
1702 1.17988e-05
1703 1.17995e-05
1704 1.18018e-05
1705 1.18008e-05
1706 1.18014e-05
1707 1.18021e-05
1708 1.18022e-05
