2.72473 0.671591
2.72402 0.67495
2.72593 0.672047
2.72961 0.673694
2.72961 0.673694
2.72634 0.674391
2.72545 0.670032
2.72564 0.674995
2.72564 0.674995
2.72564 0.674995
2.72964 0.670936
2.72964 0.670936
2.72964 0.670936
2.72533 0.673618
2.72251 0.675557
2.72103 0.67923
2.72415 0.679063
2.72681 0.683806
2.73175 0.680073
2.73139 0.679718
2.73139 0.679718
2.73139 0.679718
2.73139 0.679718
2.73541 0.681843
2.7331 0.686309
2.73491 0.688422
2.73491 0.688422
2.73479 0.688282
2.72987 0.688816
2.72987 0.688816
2.72887 0.687903
2.72414 0.692084
2.7194 0.69243
2.72177 0.692588
2.72177 0.692588
2.72405 0.695972
2.7248 0.696092
2.72523 0.695767
2.72351 0.695546
2.72475 0.697129
2.72128 0.697478
2.71891 0.697192
2.71998 0.692902
2.7235 0.690939
2.72068 0.694389
2.72319 0.694054
2.71956 0.695839
2.72077 0.700019
2.72193 0.697298
2.7212 0.700184
2.72426 0.70017
2.7261 0.697846
2.72538 0.70284
2.72489 0.705933
2.72489 0.705933
2.72409 0.701346
2.7271 0.701673
2.72821 0.696825
2.72403 0.692813
2.72557 0.695327
2.72302 0.692225
2.72302 0.692225
2.72416 0.69487
2.72547 0.695545
2.72508 0.698966
2.72305 0.700032
2.72305 0.700032
2.72305 0.700032
2.72448 0.700781
2.72448 0.700781
2.72594 0.702011
2.72594 0.702011
2.72471 0.702364
2.72471 0.702364
2.72778 0.699045
2.72597 0.703403
2.72583 0.701187
2.72425 0.697399
2.72742 0.699815
2.72548 0.698437
2.72544 0.695047
2.72496 0.692946
2.72413 0.689495
2.72413 0.689495
2.72722 0.686916
2.73135 0.690517
2.73402 0.690049
2.73513 0.689848
2.73774 0.692188
2.73774 0.692188
2.73347 0.693785
2.7344 0.693236
2.7315 0.696713
2.73455 0.700887
2.73943 0.701305
2.74381 0.697819
2.744 0.700596
2.74112 0.704619
2.74371 0.706317
2.73994 0.70188
2.73994 0.70188
2.73994 0.70188
2.74303 0.699523
2.73945 0.70285
2.73971 0.702635
2.73971 0.702635
2.73971 0.702635
2.73915 0.70181
2.73915 0.70181
2.73915 0.70181
2.73915 0.70181
2.74162 0.704838
2.74162 0.704838
2.74162 0.704838
2.74195 0.708716
2.74045 0.712806
2.74188 0.71626
2.74216 0.718146
2.73854 0.718337
2.73854 0.718337
2.73831 0.714687
2.73681 0.714919
2.73764 0.718914
2.74114 0.71851
2.74114 0.71851
2.73889 0.719434
2.73977 0.723438
2.74084 0.722819
2.74084 0.722819
2.74149 0.725477
2.74149 0.725477
2.74257 0.72726
2.74691 0.727646
2.75108 0.726209
2.75306 0.726156
2.75399 0.721896
2.75051 0.724784
2.75051 0.724784
2.74992 0.719784
2.74963 0.720164
2.74876 0.716906
2.74408 0.717719
2.74408 0.717719
2.74365 0.721288
2.74461 0.72406
2.74461 0.72406
2.74636 0.723553
2.74636 0.723553
2.74849 0.719611
2.74402 0.723293
2.74162 0.726515
2.74162 0.726515
2.74484 0.729668
2.74551 0.727464
2.74723 0.72282
2.75041 0.725446
2.74576 0.725216
2.74576 0.725216
2.74887 0.721847
2.75069 0.721366
2.74703 0.722181
2.74703 0.722181
2.74703 0.722181
2.74246 0.722521
2.74406 0.722739
2.74406 0.722739
2.74281 0.719144
2.74308 0.722061
2.74308 0.722061
2.74167 0.718795
2.74167 0.718795
2.73703 0.716497
2.73703 0.716497
2.73703 0.716497
2.74135 0.712785
2.74135 0.712785
2.73931 0.715697
2.73912 0.715143
2.74199 0.715851
2.74199 0.715851
2.73831 0.713722
2.73786 0.718253
2.73549 0.716953
2.73892 0.715036
2.73892 0.715036
2.73886 0.713924
2.73813 0.711075
2.73501 0.713801
2.73024 0.710606
2.73024 0.710606
2.73004 0.711201
2.73291 0.709248
2.72969 0.704392
2.72974 0.707749
2.73036 0.703361
2.72724 0.700684
2.72737 0.699356
2.72475 0.703524
2.7222 0.701208
2.7192 0.702321
2.71865 0.705778
2.71735 0.709717
2.71685 0.708856
2.72139 0.708299
2.72315 0.709518
2.72315 0.709518
2.72708 0.70806
2.72392 0.710651
2.72392 0.710651
2.72469 0.710719
2.72202 0.706852
2.72202 0.706852
2.72202 0.706852
2.7263 0.707709
2.72781 0.704378
2.72781 0.704378
2.72781 0.704378
2.72781 0.704378
2.72781 0.704378
2.72848 0.706465
2.73135 0.708735
2.73251 0.707734
2.73251 0.707734
2.73146 0.703234
2.73146 0.703234
2.73321 0.705
2.73321 0.705
2.73321 0.705
2.73321 0.705
2.73495 0.708324
2.73114 0.707375
2.73114 0.707375
2.73284 0.706082
2.73284 0.706082
2.729 0.701758
2.72844 0.698777
2.7241 0.700717
2.7241 0.700717
2.72237 0.701515
2.72207 0.701378
2.72492 0.702082
2.72557 0.698197
2.72687 0.701013
2.72426 0.701167
2.72324 0.705256
2.72375 0.707615
2.72037 0.707497
2.71665 0.712089
2.71665 0.712089
2.71665 0.712089
2.72122 0.714089
2.72029 0.714044
2.72087 0.710497
2.72228 0.711446
2.72228 0.711446
2.72197 0.710433
2.72649 0.712924
2.73136 0.717842
2.73474 0.713574
2.73136 0.713519
2.73006 0.716564
2.73351 0.715375
2.73727 0.719844
2.73839 0.720303
2.73812 0.723567
2.73418 0.723281
2.73475 0.718609
2.73863 0.719878
2.74334 0.71941
2.74334 0.71941
2.74113 0.71973
2.74521 0.72341
2.74364 0.724856
2.73927 0.728441
2.7386 0.727716
2.73529 0.726943
2.73605 0.725628
2.73266 0.724801
2.73266 0.724801
2.73616 0.723571
2.7397 0.719878
2.7397 0.719878
2.7397 0.719878
2.7397 0.719878
2.74165 0.722725
2.74209 0.722253
2.73786 0.719062
2.7361 0.720635
2.73365 0.718476
2.73239 0.715412
2.73235 0.717804
2.73235 0.717804
2.73108 0.714299
2.73108 0.714299
2.73108 0.714299
2.73225 0.71856
2.73225 0.71856
2.73701 0.71618
2.7368 0.715738
2.73784 0.719292
2.73893 0.714829
2.73427 0.715764
2.73711 0.71517
2.73555 0.715342
2.73871 0.713231
2.73871 0.713231
2.73628 0.709922
2.7353 0.710706
2.73213 0.709518
2.73095 0.71054
2.73343 0.710998
2.73284 0.712435
2.7302 0.715447
2.7302 0.715447
2.73469 0.718587
2.73676 0.719705
2.73304 0.718867
2.73304 0.718867
2.73404 0.716317
2.73508 0.716549
2.73335 0.713628
2.73486 0.718295
2.73486 0.718295
2.73911 0.717695
2.73645 0.722692
2.73645 0.722692
2.73811 0.720542
2.73627 0.71625
2.73265 0.713896
2.72778 0.712268
2.72824 0.716179
2.72805 0.718959
2.72404 0.723328
2.72793 0.724173
2.72967 0.722119
2.73234 0.725731
2.72798 0.727992
2.72802 0.723831
2.72641 0.722766
2.72641 0.722766
2.72983 0.720993
2.7256 0.721872
2.7256 0.721872
2.7256 0.721872
2.72649 0.725421
2.72709 0.725715
2.72976 0.72918
2.72835 0.734023
2.72728 0.734262
2.72941 0.73174
2.73174 0.734037
2.73174 0.734037
2.73443 0.736385
2.73507 0.740082
2.73573 0.740988
2.73393 0.738472
2.73452 0.737897
2.7316 0.739166
2.7316 0.739166
2.73445 0.734365
2.7386 0.731686
2.73748 0.727276
2.73748 0.727276
2.73983 0.729936
2.74197 0.731253
2.74113 0.73552
2.74352 0.736421
2.74767 0.733499
2.74767 0.733499
2.74606 0.730342
2.74798 0.733319
2.74706 0.72871
2.74308 0.730109
2.74196 0.727164
2.74642 0.72255
2.75014 0.724069
2.7538 0.728034
2.75869 0.727776
2.75869 0.727776
2.75863 0.728771
2.75789 0.724757
2.75661 0.728382
2.75276 0.725418
2.75276 0.725418
2.75453 0.726577
2.74997 0.726626
2.75037 0.731542
2.74734 0.735177
2.74434 0.732105
2.74434 0.732105
2.74647 0.734194
2.74928 0.732346
2.74561 0.735078
2.7486 0.736416
2.74603 0.734961
2.74588 0.738593
2.74588 0.738593
2.74322 0.734152
2.74794 0.736651
2.74362 0.732418
2.74362 0.732418
2.74552 0.731737
2.7422 0.733182
2.73764 0.732615
2.73983 0.730048
2.74367 0.732881
2.74133 0.728611
2.74067 0.7279
2.74006 0.730198
2.73705 0.727951
2.73599 0.732436
2.73899 0.728334
2.73555 0.731934
2.73329 0.72932
2.73329 0.72932
2.73469 0.729158
2.73735 0.725963
2.73726 0.724766
2.73851 0.720539
2.73353 0.723166
2.73353 0.723166
2.73056 0.727118
2.72681 0.727337
2.72627 0.729464
2.72627 0.729464
2.7265 0.729706
2.72665 0.725056
2.72931 0.726755
2.72717 0.725138
2.73196 0.720958
2.73544 0.724525
2.73544 0.724525
2.7312 0.720274
2.73523 0.723934
2.73523 0.723934
2.73713 0.722304
2.73407 0.724825
2.73407 0.724825
2.73636 0.723444
2.73695 0.720022
2.73492 0.722016
2.73505 0.725068
2.73849 0.72546
2.74288 0.730182
2.7443 0.732272
2.7443 0.732272
2.74098 0.727695
2.73985 0.7253
2.73526 0.722603
2.73687 0.722385
2.74074 0.719826
2.73707 0.72131
2.73667 0.721462
2.74122 0.72201
2.73764 0.726761
2.73605 0.730712
2.73119 0.729671
2.73119 0.729671
2.73236 0.72754
2.73188 0.730728
2.72996 0.730598
2.72996 0.730598
2.72668 0.732122
2.73046 0.730091
2.73206 0.731183
2.737 0.733697
2.73912 0.738424
2.74064 0.738191
2.74063 0.742777
2.73737 0.747027
2.73911 0.74266
2.73832 0.740858
2.73558 0.743035
2.73188 0.744687
2.73471 0.747952
2.73471 0.747952
2.73218 0.743882
2.73531 0.744292
2.73531 0.744292
2.73785 0.741191
2.73349 0.738212
2.73379 0.740574
2.73104 0.736962
2.72887 0.73268
2.72558 0.732647
2.72558 0.732647
2.72481 0.729499
2.72326 0.732819
2.72326 0.732819
2.72348 0.735079
2.72348 0.735079
2.72037 0.740023
2.72037 0.740023
2.72037 0.740023
2.72064 0.743965
2.72404 0.741029
2.72404 0.741029
2.72178 0.737612
2.72178 0.737612
2.72178 0.737612
2.71777 0.734288
2.71918 0.732125
2.72231 0.733748
2.72489 0.734078
2.72941 0.731742
2.73109 0.734477
2.7338 0.738707
2.73614 0.742454
2.73495 0.737573
2.73495 0.737573
2.73574 0.738344
2.73161 0.737194
2.72954 0.736935
2.7316 0.741024
2.73303 0.741769
2.73639 0.74238
2.74062 0.743373
2.74062 0.743373
2.74393 0.747563
2.74393 0.747563
2.7486 0.745211
2.75052 0.742802
2.74762 0.739657
2.74493 0.741697
2.74493 0.741697
2.74672 0.745683
2.74382 0.748465
2.74474 0.744752
2.74504 0.739962
2.74504 0.739962
2.74504 0.739962
2.7421 0.738342
2.73987 0.738236
2.74008 0.736432
2.73575 0.737697
2.74049 0.741415
2.74049 0.741415
2.73901 0.738641
2.73901 0.738641
2.73833 0.74233
2.74213 0.73901
2.74213 0.73901
2.73864 0.737811
2.73655 0.739454
2.73754 0.738403
2.73918 0.740254
2.73477 0.743476
2.73412 0.74356
2.73526 0.741245
2.73558 0.73782
2.7337 0.740399
2.73716 0.745299
2.73716 0.745299
2.73716 0.745299
2.73973 0.740939
2.73732 0.7424
2.73937 0.742124
2.73937 0.742124
2.73596 0.745386
2.74032 0.743398
2.74032 0.743398
2.73897 0.739536
2.73897 0.739536
2.73401 0.735499
2.73634 0.731125
2.73446 0.72976
2.73326 0.725596
2.73272 0.72296
2.73272 0.72296
2.73696 0.726956
2.73223 0.730313
2.73603 0.728576
2.73474 0.728234
2.73474 0.728234
2.73829 0.723917
2.7356 0.720868
2.73488 0.724071
2.73323 0.727933
2.73409 0.73147
2.73162 0.736163
2.73141 0.737391
2.72939 0.734606
2.72956 0.730243
2.72924 0.728337
2.72924 0.728337
2.72717 0.730433
2.73144 0.727551
2.72751 0.729212
2.72662 0.727421
2.72722 0.730801
2.72722 0.730801
2.73126 0.732196
2.73254 0.727966
2.72974 0.724995
2.72956 0.726509
2.72781 0.722449
2.72695 0.726845
2.73048 0.72322
2.73151 0.725991
2.73151 0.725991
2.72689 0.723042
2.72689 0.723042
2.72689 0.723042
2.73057 0.725483
2.73425 0.724966
2.73425 0.724966
2.73183 0.725818
2.73093 0.723247
2.73112 0.724301
2.72639 0.727853
2.7263 0.72857
2.7263 0.72857
2.72421 0.728216
2.72836 0.733196
2.73207 0.730477
2.72838 0.728336
2.73045 0.723512
2.72856 0.720537
2.72497 0.721975
2.72783 0.723913
2.73014 0.722338
2.73247 0.720498
2.73674 0.722863
2.73674 0.722863
2.73381 0.725644
2.73157 0.726412
2.73554 0.729205
2.73243 0.732324
2.7364 0.729866
2.73413 0.731626
2.73428 0.727152
2.73304 0.722629
2.73448 0.725677
2.73769 0.729182
2.73366 0.724227
2.73781 0.725626
2.73574 0.721151
2.73847 0.725725
2.73365 0.722821
2.73262 0.724625
2.73159 0.723038
2.72999 0.720625
2.73089 0.722648
2.73261 0.718547
2.7294 0.72185
2.73166 0.723698
2.73223 0.7223
2.73202 0.724252
2.72738 0.728542
2.73225 0.730374
2.72812 0.72574
2.72812 0.72574
2.72852 0.728993
2.72628 0.728191
2.72628 0.728191
2.72176 0.723477
2.72176 0.723477
2.72117 0.725976
2.71988 0.722722
2.72168 0.720296
2.7205 0.717862
2.72253 0.716599
2.72449 0.719829
2.72353 0.723402
2.72557 0.725118
2.72546 0.728533
2.72546 0.728533
2.72708 0.72443
2.72708 0.72443
2.72775 0.722092
2.72775 0.722092
2.73085 0.724241
2.72924 0.721474
2.72924 0.721474
2.73158 0.726084
2.73158 0.726084
2.73632 0.727174
2.74058 0.728518
2.74086 0.729057
2.74358 0.726821
2.74443 0.726912
2.74784 0.72425
2.75077 0.728344
2.75199 0.725223
2.75205 0.721972
2.75419 0.722814
2.75469 0.723665
2.7535 0.727445
2.74948 0.72271
2.75034 0.722527
2.75184 0.72634
2.75257 0.728577
2.75244 0.725741
2.74821 0.723023
2.74821 0.723023
2.74672 0.723228
2.74567 0.725175
2.74112 0.723592
2.73735 0.726868
2.7329 0.723782
2.73029 0.720738
2.72681 0.715916
2.72681 0.715916
2.72508 0.713804
2.72313 0.717258
2.72313 0.717258
2.72313 0.717258
2.72589 0.716504
2.72589 0.716504
2.72589 0.716504
2.72706 0.718061
2.72776 0.718087
2.72715 0.714612
2.7248 0.715421
2.72564 0.716481
2.72564 0.716481
2.72449 0.716969
2.72576 0.713268
2.72576 0.713268
2.7264 0.715035
2.72852 0.715691
2.72852 0.715691
2.72852 0.715691
2.73221 0.715942
2.7318 0.715606
2.73665 0.718218
2.73266 0.716445
2.73266 0.716445
2.73266 0.716445
2.72963 0.717208
2.73395 0.716145
2.73395 0.716145
2.73166 0.717165
2.73166 0.717165
2.72925 0.71548
2.72991 0.713293
2.72653 0.717321
2.73077 0.720575
2.73077 0.720575
2.73077 0.720575
2.73342 0.720983
2.73469 0.71985
2.72976 0.71677
2.72976 0.71677
2.72976 0.71677
2.73402 0.717866
2.73402 0.717866
2.73392 0.713086
2.7352 0.711302
2.73249 0.711541
2.73249 0.711541
2.7296 0.710481
2.72897 0.714085
2.72783 0.712857
2.72783 0.712857
2.73233 0.710216
2.73233 0.710216
2.73239 0.715044
2.73616 0.719829
2.73612 0.722877
2.74112 0.722859
2.74549 0.724102
2.74549 0.724102
2.74174 0.726288
2.74174 0.726288
2.74135 0.728012
2.7378 0.726965
2.73545 0.722394
2.73929 0.718514
2.7428 0.718167
2.74039 0.721371
2.7385 0.726235
2.7385 0.726235
2.7353 0.724098
2.73323 0.72011
2.73469 0.718859
2.73059 0.716438
2.73424 0.714923
2.73166 0.718812
2.72949 0.716912
2.72949 0.716912
2.73306 0.714952
2.73306 0.714952
2.73306 0.714952
2.73471 0.711531
2.73931 0.712692
2.7376 0.708807
2.73489 0.711338
2.73375 0.708014
2.73711 0.708886
2.73523 0.707821
2.73507 0.710108
2.73852 0.706318
2.74125 0.706433
2.74125 0.706433
2.73652 0.701958
2.73757 0.70127
2.73757 0.70127
2.73908 0.700554
2.73706 0.701445
2.73706 0.701445
2.73443 0.70377
2.73339 0.699419
2.72905 0.702694
2.73058 0.702776
2.72776 0.707253
2.72856 0.705834
2.73204 0.708713
2.72956 0.708361
2.72956 0.708361
2.73402 0.703833
2.7359 0.705038
2.73808 0.70465
2.7342 0.707835
2.7342 0.707835
2.7315 0.708765
2.72657 0.708776
2.72511 0.710942
2.72088 0.711685
2.71893 0.71257
2.71975 0.709399
2.71929 0.708581
2.71921 0.7073
2.71517 0.708273
2.71834 0.705
2.71834 0.705
2.71834 0.705
2.7193 0.701876
2.72313 0.702952
2.71975 0.707735
2.71975 0.707735
2.71975 0.707735
2.72202 0.709365
2.72023 0.706035
2.7183 0.702989
2.71725 0.701731
2.71725 0.701731
2.71725 0.701731
2.72114 0.698151
2.72114 0.698151
2.72191 0.700593
2.72196 0.696284
2.71898 0.695913
2.71696 0.693368
2.71779 0.693798
2.71779 0.693798
2.71779 0.693798
2.71779 0.693798
2.71292 0.689737
2.71292 0.689737
2.71292 0.689737
2.71197 0.690034
2.7113 0.693558
2.71194 0.69404
2.71194 0.69404
2.71453 0.691594
2.71264 0.694786
2.71496 0.698955
2.71679 0.703665
2.71299 0.700894
2.71299 0.700894
2.71299 0.700894
2.71795 0.69807
2.72033 0.694426
2.71854 0.692316
2.71603 0.690499
2.71203 0.690062
2.7087 0.692543
2.71293 0.693188
2.71292 0.693875
2.70964 0.698139
2.70747 0.703006
2.70801 0.703898
2.70801 0.703898
2.7105 0.70577
2.71328 0.707279
2.71347 0.711471
2.71502 0.714466
2.71373 0.713575
2.71806 0.715502
2.72286 0.719532
2.72153 0.721268
2.72418 0.721606
2.72462 0.717619
2.72296 0.721038
2.72296 0.721038
2.72509 0.718468
2.72556 0.719632
2.72238 0.715508
2.72723 0.71266
2.73092 0.71766
2.73202 0.716363
2.73202 0.716363
2.73307 0.713197
2.73719 0.708556
2.73633 0.705116
2.73664 0.703262
2.73273 0.705408
2.73273 0.705408
2.73273 0.705408
2.73294 0.706814
2.72866 0.705116
2.72694 0.703898
2.72437 0.703902
2.72437 0.703902
2.72783 0.703548
2.73114 0.704966
2.72868 0.708897
2.72699 0.713295
2.72424 0.709027
2.72519 0.705639
2.72683 0.706947
2.72391 0.711762
2.72325 0.707379
2.72475 0.703654
2.72874 0.706182
2.72909 0.70231
2.72909 0.70231
2.72698 0.707235
2.72489 0.704579
2.72507 0.708523
2.72851 0.71152
2.73252 0.716509
2.73431 0.718479
2.73457 0.719878
2.73305 0.714908
2.73232 0.711375
2.73232 0.711375
2.73001 0.711996
2.72847 0.712259
2.72847 0.712259
2.73056 0.716054
2.73321 0.716355
2.73486 0.712582
2.73631 0.709329
2.73265 0.709859
2.73715 0.710319
2.73858 0.710573
2.73423 0.711286
2.72975 0.709411
2.72983 0.705106
2.72984 0.7021
2.72984 0.7021
2.72984 0.7021
2.72855 0.706461
2.73323 0.704035
2.73323 0.704035
2.73376 0.702217
2.7331 0.703856
2.7331 0.703856
2.73471 0.706731
2.73475 0.704306
2.73475 0.704306
2.73459 0.704751
2.73259 0.703863
2.73259 0.703863
2.73379 0.705639
2.73363 0.709236
2.73128 0.709218
2.73349 0.70827
2.73805 0.710415
2.73784 0.714019
2.7378 0.717857
2.73347 0.721006
2.7335 0.724404
2.7335 0.724404
2.73671 0.723585
2.73232 0.723904
2.73709 0.725248
2.74031 0.72436
2.74031 0.72436
2.73623 0.727803
2.73178 0.725118
2.72962 0.724047
2.72719 0.722898
2.72719 0.722898
2.72608 0.719843
2.72748 0.715121
2.72748 0.715121
2.72481 0.716761
2.72481 0.716761
2.72931 0.717692
2.73067 0.715267
2.7303 0.713138
2.73004 0.712598
2.73082 0.712235
2.73486 0.707296
2.73516 0.705304
2.73516 0.705304
2.73474 0.7097
2.7344 0.707911
2.73491 0.707413
2.73491 0.707413
2.73108 0.709128
2.72869 0.708932
2.72614 0.711622
2.72614 0.711622
2.72854 0.70721
2.73111 0.711819
2.73267 0.706948
2.73211 0.710296
2.73622 0.709478
2.73147 0.710547
2.73147 0.710547
2.7344 0.712395
2.7363 0.712061
2.73317 0.713146
2.73243 0.716603
2.73532 0.715231
2.73532 0.715231
2.736 0.711109
2.7368 0.713523
2.7368 0.713523
2.74051 0.717653
2.74232 0.718763
2.74611 0.715833
2.74611 0.715833
2.74189 0.714516
2.74661 0.713412
2.74534 0.715722
2.74658 0.716746
2.74658 0.716746
2.74334 0.717699
2.74508 0.712967
2.74129 0.715257
2.73836 0.718215
2.73564 0.713737
2.73309 0.712615
2.73427 0.713783
2.73808 0.714256
2.73658 0.718447
2.73212 0.719262
2.73081 0.715359
2.73181 0.711601
2.734 0.70729
2.7344 0.711918
2.73404 0.716904
2.73198 0.71735
2.73493 0.719288
2.7368 0.717635
2.73707 0.714937
2.73707 0.714937
2.73848 0.71478
2.7338 0.716483
2.73209 0.715427
2.73594 0.714797
2.73594 0.714797
2.73675 0.713528
2.73675 0.713528
2.73852 0.715258
2.73983 0.711962
2.73622 0.713811
2.73762 0.710128
2.73279 0.711691
2.73279 0.711691
2.73667 0.707704
2.73324 0.708972
2.7296 0.707524
2.7249 0.703818
2.72578 0.707435
2.72578 0.707435
2.72578 0.707435
2.72818 0.707807
2.72433 0.71002
2.72004 0.711748
2.71647 0.709554
2.71647 0.709554
2.71666 0.709957
2.71975 0.705604
2.72204 0.70316
2.72365 0.703105
2.72733 0.702647
2.72733 0.702647
2.72474 0.701762
2.72474 0.701762
2.72665 0.701915
2.72186 0.701783
2.72319 0.702606
2.72319 0.702606
2.72684 0.702928
2.72684 0.702928
2.72602 0.701445
2.72268 0.699778
2.72324 0.702771
2.72034 0.704066
2.72034 0.704066
2.71901 0.705814
2.72194 0.709357
2.72557 0.711651
2.72676 0.710515
2.72676 0.710515
2.72902 0.706234
2.7323 0.710808
2.73393 0.713183
2.73197 0.709257
2.73097 0.705814
2.72791 0.701686
2.72791 0.701686
2.72949 0.701647
2.72949 0.701647
2.73151 0.704043
2.72869 0.705051
2.72445 0.702458
2.72737 0.70178
2.72737 0.70178
2.72737 0.70178
2.72737 0.70178
2.73051 0.698762
2.73103 0.69657
2.73262 0.695765
2.73513 0.69585
2.73942 0.697038
2.73459 0.695238
2.73459 0.695238
2.73402 0.697606
2.73113 0.699183
2.73008 0.700508
2.73239 0.702338
2.73705 0.706469
2.73705 0.706469
2.73926 0.710777
2.73926 0.710777
2.7355 0.709707
2.7355 0.709707
2.73537 0.712592
2.73537 0.712592
2.7341 0.71105
2.73 0.710789
2.73345 0.712487
2.73345 0.712487
2.73607 0.716437
2.73607 0.716437
2.73455 0.717922
2.73455 0.717922
2.73477 0.714753
2.73525 0.71549
2.73235 0.715303
2.73333 0.713491
2.73333 0.713491
2.73463 0.718057
2.73463 0.718057
2.73463 0.718057
2.73247 0.716621
2.73694 0.719729
2.73737 0.719395
2.73737 0.719395
2.73268 0.719013
2.73219 0.723074
2.73673 0.724926
2.73953 0.725744
2.73836 0.72236
2.73636 0.722025
2.73385 0.723424
2.73761 0.718488
2.73652 0.715739
2.73431 0.712452
2.73431 0.712452
2.72994 0.7121
2.72882 0.711461
2.73021 0.712148
2.72709 0.708698
2.73204 0.713375
2.72941 0.715145
2.73154 0.715001
2.73154 0.715001
2.73154 0.715001
2.73279 0.710589
2.73585 0.713376
2.73585 0.713376
2.74037 0.718217
2.73905 0.714821
2.7419 0.714986
2.74064 0.714844
2.73838 0.715655
2.73838 0.715655
2.73685 0.714034
2.73685 0.714034
2.73685 0.714034
2.73685 0.714034
2.73722 0.71482
2.73279 0.716577
2.73279 0.716577
2.7375 0.714842
2.73343 0.711243
2.72992 0.709854
2.72763 0.713072
2.72763 0.713072
2.72938 0.710572
2.72709 0.710701
2.72512 0.710293
2.72512 0.710293
2.72597 0.706642
2.72232 0.702625
2.72322 0.706457
2.72685 0.702814
2.72684 0.701079
2.72988 0.705851
2.72836 0.701036
2.72836 0.701036
2.73212 0.704357
2.73439 0.700138
2.73339 0.696855
2.73339 0.696855
2.73108 0.70127
2.73412 0.703682
2.7345 0.705274
2.73293 0.70613
2.73293 0.70613
2.73766 0.703994
2.73784 0.705413
2.73501 0.70594
2.73237 0.706124
2.73237 0.706124
2.72884 0.702982
2.72467 0.706258
2.72434 0.709562
2.72295 0.706911
2.72295 0.706911
2.72723 0.703249
2.73048 0.701057
2.7296 0.698047
2.7296 0.698047
2.73327 0.698804
2.73612 0.696573
2.73612 0.696573
2.73612 0.696573
2.73612 0.696573
2.73963 0.700626
2.73676 0.703936
2.7333 0.703004
2.73067 0.701227
2.72582 0.703804
2.72141 0.701229
2.72569 0.697934
2.7256 0.699127
2.7256 0.699127
2.72823 0.70075
2.72783 0.705473
2.72692 0.706405
2.72692 0.706405
2.7295 0.701789
2.73206 0.702446
2.73206 0.702446
2.72954 0.706203
2.72954 0.706203
2.72886 0.710003
2.72986 0.71169
2.73105 0.709758
2.73084 0.708628
2.73084 0.708628
2.73512 0.709291
2.73512 0.709291
2.73512 0.709291
2.73266 0.710203
2.72846 0.70555
2.72846 0.70555
2.72962 0.709893
2.72729 0.713993
2.72609 0.714297
2.72609 0.714297
2.72685 0.712637
2.72685 0.712637
2.72449 0.71753
2.72835 0.72247
2.72835 0.72247
2.72464 0.718996
2.72943 0.717623
2.73119 0.721565
2.73119 0.721565
2.73252 0.724709
2.7339 0.72217
2.73481 0.722267
2.73481 0.722267
2.73393 0.723914
2.73695 0.721383
2.73695 0.721383
2.73682 0.71782
2.73682 0.71782
2.73655 0.713494
2.73448 0.716169
2.73235 0.712019
2.73056 0.716124
2.72799 0.716872
2.73118 0.717068
2.73108 0.715909
2.72666 0.718863
2.72357 0.723126
2.72533 0.719831
2.72533 0.719831
2.72533 0.719831
2.72398 0.720997
2.72398 0.720997
2.72895 0.717846
2.73043 0.720165
2.72989 0.719182
2.72989 0.719182
2.72839 0.7241
2.72839 0.7241
2.73086 0.719676
2.73385 0.724508
2.73778 0.728334
2.73379 0.725696
2.72987 0.726775
2.72704 0.723703
2.72634 0.722005
2.72634 0.722005
2.73036 0.722404
2.73534 0.719786
2.73555 0.721809
2.73555 0.721809
2.73598 0.719868
2.73678 0.722157
2.73798 0.72229
2.73375 0.725727
2.73375 0.725727
2.73375 0.725727
2.73808 0.720844
2.73808 0.720844
2.73808 0.720844
2.73373 0.719538
2.73373 0.719538
2.73098 0.717627
2.72868 0.719248
2.73322 0.72414
2.73153 0.719967
2.73243 0.724397
2.73312 0.724118
2.73572 0.721524
2.73124 0.72071
2.73529 0.716157
2.73092 0.715613
2.73092 0.715613
2.73092 0.715613
2.72836 0.719164
2.73179 0.723513
2.72928 0.725
2.7334 0.728581
2.7334 0.728581
2.7334 0.728581
2.73011 0.730911
2.73098 0.730621
2.73466 0.733765
2.73317 0.731381
2.73531 0.734628
2.7348 0.735347
2.73855 0.732329
2.73798 0.730341
2.73924 0.729789
2.73924 0.729789
2.74192 0.727832
2.7445 0.725252
2.7445 0.725252
2.7445 0.725252
2.74758 0.725536
2.74458 0.725007
2.74399 0.722513
2.74219 0.723053
2.74209 0.72497
2.74133 0.723812
2.74568 0.72687
2.74568 0.72687
2.74092 0.727073
2.73677 0.725857
2.73729 0.729833
2.74076 0.733423
2.7431 0.733863
2.74494 0.731083
2.74435 0.729356
2.7414 0.730529
2.7414 0.730529
2.73878 0.730276
2.73959 0.726725
2.73747 0.728338
2.73747 0.728338
2.73998 0.729481
2.74408 0.725819
2.74 0.72359
2.73556 0.720333
2.73633 0.717257
2.7379 0.717048
2.74275 0.713946
2.7393 0.71415
2.73637 0.714283
2.73216 0.710201
2.73573 0.712794
2.73381 0.713846
2.73145 0.716147
2.73207 0.713722
2.73073 0.712932
2.73073 0.712932
2.73037 0.716115
2.73111 0.719546
2.73392 0.724394
2.73345 0.722329
2.73649 0.721453
2.73767 0.725552
2.73572 0.725078
2.73193 0.721746
2.7307 0.718296
2.7307 0.718296
2.7279 0.718648
2.7279 0.718648
2.7279 0.718648
2.7308 0.717759
2.73538 0.715607
2.73215 0.713067
2.73215 0.713067
2.73215 0.713067
2.72838 0.717394
2.72756 0.718746
2.7262 0.717989
2.72603 0.717012
2.72936 0.717452
2.72535 0.720774
2.72843 0.723351
2.72843 0.723351
2.72935 0.718892
2.72461 0.717965
2.72807 0.714974
2.73032 0.719537
2.73516 0.722487
2.73502 0.721358
2.73144 0.719716
2.7325 0.718977
2.7325 0.718977
2.73033 0.72308
2.73033 0.72308
2.72998 0.72298
2.72998 0.72298
2.73125 0.722643
2.7328 0.721665
2.73405 0.718106
2.73511 0.719089
2.73511 0.719089
2.73233 0.721729
2.73233 0.721729
2.73233 0.721729
2.73158 0.72387
2.73657 0.724186
2.73618 0.727453
2.73437 0.723053
2.73525 0.72205
2.7352 0.721834
2.73663 0.71967
2.73982 0.718018
2.73933 0.721356
2.73933 0.721356
2.74224 0.72022
2.74224 0.72022
2.74391 0.723045
2.74547 0.719278
2.74976 0.716849
2.74528 0.719678
2.74404 0.718925
2.74175 0.718335
2.74027 0.717094
2.74077 0.716359
2.74073 0.712938
2.74552 0.711679
2.74671 0.709087
2.75143 0.712946
2.74858 0.711317
2.75321 0.714325
2.75321 0.714325
2.75321 0.714325
2.75466 0.714831
2.75148 0.717662
2.75431 0.719316
2.75431 0.719316
2.75198 0.719629
2.75198 0.719629
2.75215 0.715067
2.74799 0.715672
2.75225 0.71687
2.75327 0.714312
2.74949 0.713954
2.74949 0.713954
2.75103 0.710393
2.75103 0.710393
2.75073 0.70973
2.74579 0.710642
2.74138 0.714199
2.7455 0.713757
2.74562 0.717374
2.74428 0.719395
2.74413 0.722505
2.74441 0.718234
2.74931 0.723134
2.75182 0.719892
2.75182 0.719892
2.74946 0.716281
2.74791 0.720864
2.74791 0.720864
2.74966 0.72192
2.74876 0.719216
2.74597 0.721658
2.74597 0.721658
2.74793 0.717342
2.7491 0.720417
2.74636 0.717178
2.75118 0.713312
2.74638 0.718299
2.74503 0.719817
2.74725 0.71835
2.74982 0.716763
2.74861 0.715091
2.75032 0.719822
2.75363 0.723117
2.75585 0.723085
2.75346 0.720169
2.75539 0.718705
2.7527 0.722355
2.75099 0.721522
2.74919 0.725192
2.75365 0.720496
2.75593 0.723941
2.75593 0.723941
2.75329 0.723078
2.75329 0.723078
2.75635 0.72245
2.75144 0.725045
2.74663 0.726747
2.74259 0.725962
2.73868 0.72513
2.73868 0.72513
2.73868 0.72513
2.7424 0.721296
2.74062 0.72111
2.73988 0.721187
2.74198 0.724256
2.74198 0.724256
2.74141 0.724319
2.73855 0.727787
2.74084 0.728855
2.73665 0.725155
2.73665 0.725155
2.73368 0.725356
2.73214 0.729401
2.73449 0.725772
2.73449 0.725772
2.73711 0.728497
2.73776 0.724589
2.73493 0.725368
2.73356 0.72519
2.73849 0.725094
2.73691 0.729235
2.73605 0.726978
2.73725 0.731208
2.73936 0.733311
2.73936 0.733311
2.73682 0.729422
2.73818 0.725138
2.74209 0.726322
2.74266 0.726833
2.73768 0.726369
2.73768 0.726369
2.73768 0.726369
2.74138 0.723275
2.73842 0.72377
2.73842 0.72377
2.74323 0.725572
2.74375 0.726957
2.74122 0.730184
2.74122 0.730184
2.74239 0.733011
2.74239 0.733011
2.73899 0.73007
2.74361 0.732998
2.74763 0.734842
2.75129 0.737903
2.75613 0.742543
2.7562 0.740946
2.75491 0.736723
2.75568 0.73426
2.75198 0.736363
2.75218 0.738358
2.75218 0.738358
2.75218 0.738358
2.75034 0.741581
2.74536 0.742892
2.74536 0.742892
2.74885 0.743622
2.75071 0.740554
2.75081 0.743286
2.7552 0.744781
2.75275 0.741442
2.75484 0.737828
2.75344 0.735694
2.75367 0.738732
2.75047 0.739647
2.75047 0.739647
2.74711 0.735492
2.74661 0.73497
2.74664 0.733193
2.74604 0.729562
2.74604 0.729562
2.74378 0.733289
2.74378 0.733289
2.74638 0.737977
2.74638 0.737977
2.74638 0.737977
2.74638 0.737977
2.74638 0.737977
2.74638 0.737977
2.74638 0.737977
2.743 0.737015
2.74571 0.741116
2.74909 0.737924
2.74438 0.734677
2.74829 0.729866
2.7436 0.725327
2.7426 0.725417
2.74447 0.729598
2.74125 0.728855
2.74219 0.729833
2.74219 0.729833
2.74219 0.729833
2.74578 0.730766
2.75076 0.73034
2.74937 0.733131
2.74937 0.733131
2.74929 0.728428
2.74929 0.728428
2.74684 0.72937
2.74755 0.72603
2.74755 0.72603
2.74755 0.72603
2.75231 0.723934
2.75256 0.728359
2.74833 0.727199
2.74641 0.722277
2.74414 0.721201
2.74414 0.721201
2.74774 0.721572
2.74422 0.720543
2.73925 0.72036
2.73959 0.719278
2.73824 0.723541
2.73824 0.723541
2.73669 0.719281
2.73851 0.72275
2.73851 0.72275
2.74121 0.72106
2.7453 0.72575
2.74297 0.721117
2.73835 0.721138
2.73835 0.721138
2.74208 0.717308
2.74208 0.717308
2.74208 0.717308
2.74558 0.712501
2.74558 0.712501
2.74558 0.712501
2.74558 0.712501
2.74519 0.71176
2.74086 0.707204
2.74461 0.711437
2.7403 0.710813
2.74128 0.707491
2.74026 0.707629
2.74264 0.709339
2.74114 0.714151
2.7368 0.713697
2.73504 0.714835
2.73237 0.718721
2.73424 0.722148
2.73704 0.718851
2.73204 0.721256
2.73204 0.721256
2.73276 0.721951
2.73679 0.720335
2.73679 0.720335
2.73679 0.720335
2.73767 0.722362
2.73712 0.724412
2.73736 0.725284
2.74001 0.724525
2.74026 0.726685
2.74055 0.731391
2.74213 0.729407
2.74204 0.72764
2.74204 0.72764
2.73952 0.731294
2.73952 0.731294
2.73734 0.731357
2.73278 0.731538
2.73278 0.731538
2.73711 0.733718
2.73467 0.735501
2.7325 0.734209
2.73459 0.733893
2.73459 0.733893
2.73173 0.736561
2.72985 0.732323
2.72985 0.732323
2.72529 0.735228
2.72725 0.731882
2.72406 0.729629
2.72406 0.729629
2.72282 0.726493
2.72282 0.726493
2.72392 0.728084
2.72392 0.728084
2.72062 0.724397
2.71835 0.724422
2.71741 0.726899
2.71956 0.723058
2.7241 0.726459
2.72295 0.729546
