0 -0.673271
1 -0.676092
2 -0.678503
3 -0.679782
4 -0.681647
5 -0.68309
6 -0.684528
7 -0.685827
8 -0.688087
9 -0.690334
10 -0.692101
11 -0.693962
12 -0.696265
13 -0.696842
14 -0.696651
15 -0.697466
16 -0.698422
17 -0.699398
18 -0.700146
19 -0.700539
20 -0.700513
21 -0.700459
22 -0.700798
23 -0.700948
24 -0.701527
25 -0.701572
26 -0.701857
27 -0.701933
28 -0.702115
29 -0.702388
30 -0.702548
31 -0.70279
32 -0.703089
33 -0.703195
34 -0.703298
35 -0.702841
36 -0.703293
37 -0.70324
38 -0.703804
39 -0.703914
40 -0.70379
41 -0.703866
42 -0.703487
43 -0.703545
44 -0.703584
45 -0.703894
46 -0.703945
47 -0.70398
48 -0.70393
49 -0.703857
50 -0.703394
51 -0.703534
52 -0.703561
53 -0.703489
54 -0.703283
55 -0.703402
56 -0.703487
57 -0.703728
58 -0.703708
59 -0.703389
60 -0.703479
61 -0.703616
62 -0.703675
63 -0.703763
64 -0.703924
65 -0.703661
66 -0.703636
67 -0.7037
68 -0.703734
69 -0.703626
70 -0.703849
71 -0.703819
72 -0.703714
73 -0.703883
74 -0.703874
75 -0.703767
76 -0.703878
77 -0.703864
78 -0.704087
79 -0.704323
80 -0.704165
81 -0.703878
82 -0.703527
83 -0.703744
84 -0.703639
85 -0.703604
86 -0.703906
87 -0.703959
88 -0.704245
89 -0.704253
90 -0.704446
91 -0.704355
92 -0.704496
93 -0.704449
94 -0.704413
95 -0.704145
96 -0.704186
97 -0.704179
98 -0.704541
99 -0.704246
100 -0.704229
101 -0.703903
102 -0.703968
103 -0.703855
104 -0.704053
105 -0.703615
106 -0.703654
107 -0.703802
108 -0.704054
109 -0.704186
110 -0.704272
111 -0.703865
112 -0.703912
113 -0.704028
114 -0.704282
115 -0.704483
116 -0.704252
117 -0.704262
118 -0.704346
119 -0.704319
120 -0.704455
121 -0.704317
122 -0.704442
123 -0.70441
124 -0.704812
125 -0.704884
126 -0.704777
127 -0.704771
128 -0.704705
129 -0.704805
130 -0.704672
131 -0.704794
132 -0.704614
133 -0.704704
134 -0.704586
135 -0.704136
136 -0.704228
137 -0.70414
138 -0.704377
139 -0.704144
140 -0.704338
141 -0.704191
142 -0.704593
143 -0.704881
144 -0.70472
145 -0.704717
146 -0.704689
147 -0.704826
148 -0.704616
149 -0.704765
150 -0.704797
151 -0.70476
152 -0.704791
153 -0.704427
154 -0.7046
155 -0.704181
156 -0.703899
157 -0.703721
158 -0.703881
159 -0.704158
160 -0.70406
161 -0.704051
162 -0.703829
163 -0.703865
164 -0.70397
165 -0.704032
166 -0.70402
167 -0.703775
168 -0.703916
169 -0.704312
170 -0.704236
171 -0.704262
172 -0.703868
173 -0.704102
174 -0.704453
175 -0.704774
176 -0.704655
177 -0.704391
178 -0.704
179 -0.704126
180 -0.704137
181 -0.704102
182 -0.704203
183 -0.704084
184 -0.703961
185 -0.703956
186 -0.704231
187 -0.704414
188 -0.704666
189 -0.704772
190 -0.704504
191 -0.704309
192 -0.704195
193 -0.704047
194 -0.703995
195 -0.704067
196 -0.70412
197 -0.704198
198 -0.703933
199 -0.703724
200 -0.703614
201 -0.703694
202 -0.703924
203 -0.704179
204 -0.704279
205 -0.704377
206 -0.704379
207 -0.704048
208 -0.704147
209 -0.704287
210 -0.70425
211 -0.7039
212 -0.703866
213 -0.704102
214 -0.70364
215 -0.703797
216 -0.703718
217 -0.703994
218 -0.704173
219 -0.704174
220 -0.704089
221 -0.703689
222 -0.703747
223 -0.703731
224 -0.70413
225 -0.704164
226 -0.704204
227 -0.704246
228 -0.704164
229 -0.704142
230 -0.704393
231 -0.704541
232 -0.704732
233 -0.704888
234 -0.704737
235 -0.704638
236 -0.704313
237 -0.704415
238 -0.70456
239 -0.703961
240 -0.703912
241 -0.703849
242 -0.703796
243 -0.703895
244 -0.703832
245 -0.703974
246 -0.703673
247 -0.703802
248 -0.703317
249 -0.703676
250 -0.703945
251 -0.703619
252 -0.703786
253 -0.704047
254 -0.703916
255 -0.704179
256 -0.704323
257 -0.704266
258 -0.704548
259 -0.704734
260 -0.705177
261 -0.705293
262 -0.705062
263 -0.704755
264 -0.704961
265 -0.704935
266 -0.704956
267 -0.705057
268 -0.704787
269 -0.70472
270 -0.704616
271 -0.704707
272 -0.704613
273 -0.704545
274 -0.704366
275 -0.704406
276 -0.704045
277 -0.704051
278 -0.704221
279 -0.703898
280 -0.703891
281 -0.703583
282 -0.703257
283 -0.703363
284 -0.703597
285 -0.703796
286 -0.70419
287 -0.703966
288 -0.70393
289 -0.70401
290 -0.703892
291 -0.704198
292 -0.704079
293 -0.704447
294 -0.70439
295 -0.704284
296 -0.70425
297 -0.703942
298 -0.70356
299 -0.703723
300 -0.703856
301 -0.703954
302 -0.704144
303 -0.704292
304 -0.704591
305 -0.704377
306 -0.704541
307 -0.704147
308 -0.704103
309 -0.70445
310 -0.704331
311 -0.704642
312 -0.704035
313 -0.704005
314 -0.70409
315 -0.704131
316 -0.704327
317 -0.703943
318 -0.704138
319 -0.704074
320 -0.703973
321 -0.703942
322 -0.703813
323 -0.70355
324 -0.703501
325 -0.703856
326 -0.704048
327 -0.704266
328 -0.704099
329 -0.703713
330 -0.703507
331 -0.703489
332 -0.703527
333 -0.7038
334 -0.703904
335 -0.704109
336 -0.704014
337 -0.703984
338 -0.70399
339 -0.703954
340 -0.703891
341 -0.703805
342 -0.703957
343 -0.703923
344 -0.703908
345 -0.704218
346 -0.704243
347 -0.704423
348 -0.704286
349 -0.704067
350 -0.704342
351 -0.704232
352 -0.704429
353 -0.70428
354 -0.704529
355 -0.704591
356 -0.704387
357 -0.704454
358 -0.70433
359 -0.704731
360 -0.704442
361 -0.704538
362 -0.704328
363 -0.704537
364 -0.704412
365 -0.704429
366 -0.70467
367 -0.704747
368 -0.704682
369 -0.704872
370 -0.704662
371 -0.704547
372 -0.70442
373 -0.70418
374 -0.704236
375 -0.704256
376 -0.704486
377 -0.70465
378 -0.704642
379 -0.704651
380 -0.704967
381 -0.7052
382 -0.705278
383 -0.70512
384 -0.704928
385 -0.704901
386 -0.704636
387 -0.705
388 -0.704931
389 -0.704886
390 -0.704911
391 -0.704906
392 -0.704935
393 -0.704992
394 -0.704641
395 -0.704463
396 -0.704506
397 -0.704486
398 -0.704267
399 -0.704263
400 -0.704706
401 -0.704526
402 -0.704408
403 -0.704338
404 -0.704623
405 -0.70492
406 -0.704755
407 -0.704763
408 -0.704924
409 -0.705052
410 -0.70485
411 -0.70444
412 -0.704318
413 -0.704036
414 -0.704236
415 -0.70398
416 -0.704099
417 -0.704176
418 -0.704254
419 -0.704241
420 -0.7041
421 -0.703957
422 -0.703969
423 -0.703757
424 -0.703752
425 -0.704033
426 -0.704317
427 -0.704252
428 -0.704326
429 -0.704353
430 -0.704769
431 -0.704918
432 -0.704859
433 -0.704694
434 -0.704559
435 -0.704799
436 -0.704843
437 -0.70491
438 -0.704992
439 -0.704859
440 -0.704614
441 -0.704787
442 -0.704602
443 -0.70479
444 -0.704895
445 -0.704827
446 -0.704669
447 -0.705
448 -0.70504
449 -0.705156
450 -0.705249
451 -0.705015
452 -0.705189
453 -0.705025
454 -0.704918
455 -0.704808
456 -0.704741
457 -0.704594
458 -0.704621
459 -0.704761
460 -0.704739
461 -0.704639
462 -0.704467
463 -0.704375
464 -0.704503
465 -0.704603
466 -0.704622
467 -0.704504
468 -0.704588
469 -0.704695
470 -0.704337
471 -0.704199
472 -0.704355
473 -0.704454
474 -0.704361
475 -0.704329
476 -0.704491
477 -0.704781
478 -0.704776
479 -0.704759
480 -0.704483
481 -0.704401
482 -0.704535
483 -0.704462
484 -0.704178
485 -0.70409
486 -0.704283
487 -0.704211
488 -0.704068
489 -0.704014
490 -0.704434
491 -0.704168
492 -0.704276
493 -0.70388
494 -0.703938
495 -0.703796
496 -0.703801
497 -0.704118
498 -0.704086
499 -0.704129
500 -0.703899
501 -0.703893
502 -0.703686
503 -0.703651
504 -0.703725
505 -0.703387
506 -0.703477
507 -0.703782
508 -0.704137
509 -0.704364
510 -0.704392
511 -0.704466
512 -0.704469
513 -0.704457
514 -0.704495
515 -0.704419
516 -0.704495
517 -0.704532
518 -0.704395
519 -0.704313
520 -0.704394
521 -0.704275
522 -0.704129
523 -0.704336
524 -0.704052
525 -0.704289
526 -0.703709
527 -0.703281
528 -0.703011
529 -0.7032
530 -0.703884
531 -0.704062
532 -0.703826
533 -0.704035
534 -0.704049
535 -0.704198
536 -0.703942
537 -0.704291
538 -0.70424
539 -0.704026
540 -0.704332
541 -0.704127
542 -0.70405
543 -0.70392
544 -0.703817
545 -0.704104
546 -0.703915
547 -0.703977
548 -0.704137
549 -0.704082
550 -0.703955
551 -0.703865
552 -0.703939
553 -0.703669
554 -0.703872
555 -0.704131
556 -0.704085
557 -0.703749
558 -0.703399
559 -0.703721
560 -0.703728
561 -0.704154
562 -0.704249
563 -0.704182
564 -0.704198
565 -0.704581
566 -0.704858
567 -0.704589
568 -0.704411
569 -0.704985
570 -0.704971
571 -0.705174
572 -0.705085
573 -0.705105
574 -0.704858
575 -0.704811
576 -0.70458
577 -0.704953
578 -0.704767
579 -0.70503
580 -0.705032
581 -0.704599
582 -0.70451
583 -0.704077
584 -0.704181
585 -0.704058
586 -0.703901
587 -0.704206
588 -0.704284
589 -0.704464
590 -0.704259
591 -0.704039
592 -0.703813
593 -0.704029
594 -0.703773
595 -0.704214
596 -0.704311
597 -0.704646
598 -0.704401
599 -0.70461
600 -0.7048
601 -0.70447
602 -0.70458
603 -0.704156
604 -0.704314
605 -0.704685
606 -0.704694
607 -0.704651
608 -0.704422
609 -0.704404
610 -0.704444
611 -0.704597
612 -0.705019
613 -0.704811
614 -0.704427
615 -0.704417
616 -0.704657
617 -0.704629
618 -0.704517
619 -0.70452
620 -0.704484
621 -0.704679
622 -0.704575
623 -0.704264
624 -0.704361
625 -0.704772
626 -0.704601
627 -0.704765
628 -0.704684
629 -0.704698
630 -0.70475
631 -0.704575
632 -0.704139
633 -0.704386
634 -0.704277
635 -0.704156
636 -0.704278
637 -0.704484
638 -0.704447
639 -0.704314
640 -0.704342
641 -0.704569
642 -0.704747
643 -0.704589
644 -0.704375
645 -0.704243
646 -0.704207
647 -0.703864
648 -0.703791
649 -0.703709
650 -0.703765
651 -0.704048
652 -0.703993
653 -0.704102
654 -0.703919
655 -0.704132
656 -0.704072
657 -0.703957
658 -0.703878
659 -0.704041
660 -0.703792
661 -0.703902
662 -0.704013
663 -0.70399
664 -0.703948
665 -0.703917
666 -0.703774
667 -0.703838
668 -0.703792
669 -0.704079
670 -0.703983
671 -0.703743
672 -0.704087
673 -0.704291
674 -0.704361
675 -0.704493
676 -0.704432
677 -0.70418
678 -0.704163
679 -0.704211
680 -0.70427
681 -0.704031
682 -0.7039
683 -0.703914
684 -0.704218
685 -0.704552
686 -0.704296
687 -0.704094
688 -0.703887
689 -0.703903
690 -0.703626
691 -0.70384
692 -0.704041
693 -0.703701
694 -0.704151
695 -0.704041
696 -0.703592
697 -0.703638
698 -0.703841
699 -0.70384
700 -0.703912
701 -0.704012
702 -0.703866
703 -0.703581
704 -0.703363
705 -0.703481
706 -0.703412
707 -0.704003
708 -0.703989
709 -0.704123
710 -0.703929
711 -0.704159
712 -0.703899
713 -0.704073
714 -0.703667
715 -0.703828
716 -0.70363
717 -0.703913
718 -0.703869
719 -0.703827
720 -0.703824
721 -0.703751
722 -0.703776
723 -0.703669
724 -0.70432
725 -0.704305
726 -0.704128
727 -0.703841
728 -0.703722
729 -0.703722
730 -0.704258
731 -0.704243
732 -0.704185
733 -0.703893
734 -0.703927
735 -0.703575
736 -0.703915
737 -0.703585
738 -0.703427
739 -0.70336
740 -0.703329
741 -0.703493
742 -0.703494
743 -0.703441
744 -0.703328
745 -0.703443
746 -0.703419
747 -0.703192
748 -0.703276
749 -0.70376
750 -0.703817
751 -0.704196
752 -0.704219
753 -0.704109
754 -0.704396
755 -0.704415
756 -0.70431
757 -0.704214
758 -0.704315
759 -0.704317
760 -0.704224
761 -0.704521
762 -0.704395
763 -0.704632
764 -0.704666
765 -0.704444
766 -0.704189
767 -0.704029
768 -0.704131
769 -0.704277
770 -0.704127
771 -0.704232
772 -0.703698
773 -0.703541
774 -0.704231
775 -0.704523
776 -0.704664
777 -0.704477
778 -0.704413
779 -0.704215
780 -0.703873
781 -0.704172
782 -0.704263
783 -0.704217
784 -0.704014
785 -0.704211
786 -0.704279
787 -0.704606
788 -0.704988
789 -0.705176
790 -0.705042
791 -0.704865
792 -0.704978
793 -0.704799
794 -0.704858
795 -0.704631
796 -0.704387
797 -0.704134
798 -0.703779
799 -0.70398
800 -0.704273
801 -0.704472
802 -0.704487
803 -0.704165
804 -0.704151
805 -0.704231
806 -0.704205
807 -0.704263
808 -0.704214
809 -0.704428
810 -0.704735
811 -0.704564
812 -0.704574
813 -0.704488
814 -0.704658
815 -0.704415
816 -0.703977
817 -0.703949
818 -0.703845
819 -0.703736
820 -0.703493
821 -0.703703
822 -0.703816
823 -0.703787
824 -0.703539
825 -0.703412
826 -0.70363
827 -0.703482
828 -0.703331
829 -0.703519
830 -0.703627
831 -0.703636
832 -0.703761
833 -0.70377
834 -0.703666
835 -0.703884
836 -0.703469
837 -0.703597
838 -0.703548
839 -0.703648
840 -0.70395
841 -0.70432
842 -0.704325
843 -0.704229
844 -0.70387
845 -0.70397
846 -0.704198
847 -0.704489
848 -0.704261
849 -0.70449
850 -0.704568
851 -0.704544
852 -0.704246
853 -0.704347
854 -0.704515
855 -0.704543
856 -0.704486
857 -0.704588
858 -0.704584
859 -0.704457
860 -0.704519
861 -0.704256
862 -0.704281
863 -0.70408
864 -0.703811
865 -0.703733
866 -0.703699
867 -0.703772
868 -0.703985
869 -0.704003
870 -0.703739
871 -0.703791
872 -0.704004
873 -0.704241
874 -0.704658
875 -0.704652
876 -0.704724
877 -0.704596
878 -0.70421
879 -0.704018
880 -0.70403
881 -0.703849
882 -0.703746
883 -0.703933
884 -0.703865
885 -0.704062
886 -0.70436
887 -0.704678
888 -0.704716
889 -0.704855
890 -0.704837
891 -0.70492
892 -0.705164
893 -0.705226
894 -0.705217
895 -0.705124
896 -0.704865
897 -0.704611
898 -0.704794
899 -0.704689
900 -0.704569
901 -0.704559
902 -0.704553
903 -0.704303
904 -0.704212
905 -0.704154
906 -0.704152
907 -0.704378
908 -0.704209
909 -0.704589
910 -0.704458
911 -0.704656
912 -0.704678
913 -0.704583
914 -0.704647
915 -0.70448
916 -0.704779
917 -0.704784
918 -0.704719
919 -0.704937
920 -0.705031
921 -0.704956
922 -0.705217
923 -0.704861
924 -0.705269
925 -0.7052
926 -0.705169
927 -0.704734
928 -0.70441
929 -0.70465
930 -0.704334
931 -0.704784
932 -0.704956
933 -0.704932
934 -0.70491
935 -0.704985
936 -0.70522
937 -0.705089
938 -0.705058
939 -0.704811
940 -0.704693
941 -0.704485
942 -0.704738
943 -0.704718
944 -0.704738
945 -0.704659
946 -0.704789
947 -0.704847
948 -0.704985
949 -0.705266
950 -0.705453
951 -0.705296
952 -0.705196
953 -0.705139
954 -0.705192
955 -0.705202
956 -0.705074
957 -0.705033
958 -0.704886
959 -0.704738
960 -0.704794
961 -0.704656
962 -0.7045
963 -0.70449
964 -0.704377
965 -0.704515
966 -0.704534
967 -0.704819
968 -0.704843
969 -0.705052
970 -0.70518
971 -0.705164
972 -0.705424
973 -0.70519
974 -0.705023
975 -0.705019
976 -0.704999
977 -0.705044
978 -0.704927
979 -0.704859
980 -0.704648
981 -0.704695
982 -0.704833
983 -0.704797
984 -0.705052
985 -0.70501
986 -0.704937
987 -0.704822
988 -0.704791
989 -0.70487
990 -0.704802
991 -0.704612
992 -0.704407
993 -0.704745
994 -0.704746
995 -0.704842
996 -0.704812
997 -0.704714
998 -0.704409
999 -0.704379
1000 -0.704497
1001 -0.704619
1002 -0.704712
1003 -0.704918
1004 -0.704756
1005 -0.704469
1006 -0.704754
1007 -0.704566
1008 -0.704243
1009 -0.704528
1010 -0.704343
1011 -0.704497
1012 -0.704668
1013 -0.70466
1014 -0.704751
1015 -0.704416
1016 -0.704341
1017 -0.704381
1018 -0.704535
1019 -0.704286
1020 -0.70432
1021 -0.704458
1022 -0.703797
1023 -0.70384
1024 -0.704137
1025 -0.70454
1026 -0.704586
1027 -0.704614
1028 -0.704414
1029 -0.704624
1030 -0.704349
1031 -0.70448
1032 -0.70479
1033 -0.704794
1034 -0.704885
1035 -0.705056
1036 -0.705074
1037 -0.704969
1038 -0.705009
1039 -0.704385
1040 -0.704679
1041 -0.704941
1042 -0.704962
1043 -0.704947
1044 -0.70487
1045 -0.704546
1046 -0.704336
1047 -0.704139
1048 -0.704117
1049 -0.704326
1050 -0.704549
1051 -0.70479
1052 -0.704621
1053 -0.704432
1054 -0.704212
1055 -0.704402
1056 -0.704274
1057 -0.704352
1058 -0.704204
1059 -0.704358
1060 -0.704062
1061 -0.704322
1062 -0.704468
1063 -0.704731
1064 -0.705022
1065 -0.704696
1066 -0.704451
1067 -0.704411
1068 -0.704658
1069 -0.704873
1070 -0.704982
1071 -0.705149
1072 -0.705439
1073 -0.705523
1074 -0.704947
1075 -0.705062
1076 -0.704892
1077 -0.704525
1078 -0.704517
1079 -0.704696
1080 -0.704587
1081 -0.704546
1082 -0.704567
1083 -0.704316
1084 -0.704042
1085 -0.703862
1086 -0.703933
1087 -0.703655
1088 -0.703773
1089 -0.703806
1090 -0.703654
1091 -0.70367
1092 -0.703894
1093 -0.704182
1094 -0.704015
1095 -0.704134
1096 -0.704248
1097 -0.704478
1098 -0.704613
1099 -0.704554
1100 -0.704628
1101 -0.704695
1102 -0.704856
1103 -0.704497
1104 -0.704412
1105 -0.704768
1106 -0.704378
1107 -0.704376
1108 -0.704593
1109 -0.704541
1110 -0.704393
1111 -0.704601
1112 -0.704485
1113 -0.704362
1114 -0.704298
1115 -0.704216
1116 -0.704455
1117 -0.704387
1118 -0.704098
1119 -0.70454
1120 -0.704426
1121 -0.704699
1122 -0.704814
1123 -0.704746
1124 -0.705017
1125 -0.705054
1126 -0.704946
1127 -0.705075
1128 -0.704933
1129 -0.704841
1130 -0.704824
1131 -0.704699
1132 -0.704884
1133 -0.704831
1134 -0.704941
1135 -0.705072
1136 -0.705084
1137 -0.705179
1138 -0.705114
1139 -0.704829
1140 -0.704921
1141 -0.704654
1142 -0.704584
1143 -0.704771
1144 -0.705063
1145 -0.70505
1146 -0.704806
1147 -0.704447
1148 -0.704285
1149 -0.704312
1150 -0.704346
1151 -0.704331
1152 -0.704226
1153 -0.704205
1154 -0.704079
1155 -0.703916
1156 -0.70374
1157 -0.703763
1158 -0.703842
1159 -0.703959
1160 -0.704383
1161 -0.704354
1162 -0.704403
1163 -0.704534
1164 -0.70468
1165 -0.704197
1166 -0.703878
1167 -0.703872
1168 -0.703652
1169 -0.703454
1170 -0.703468
1171 -0.703676
1172 -0.703839
1173 -0.703522
1174 -0.703574
1175 -0.703657
1176 -0.703702
1177 -0.703643
1178 -0.703758
1179 -0.703863
1180 -0.704047
1181 -0.704204
1182 -0.703959
1183 -0.703761
1184 -0.703839
1185 -0.704211
1186 -0.704014
1187 -0.704103
1188 -0.704144
1189 -0.704059
1190 -0.704182
1191 -0.703979
1192 -0.704032
1193 -0.703965
1194 -0.704069
1195 -0.704214
1196 -0.704259
1197 -0.703882
1198 -0.704151
1199 -0.704273
1200 -0.704356
1201 -0.704568
1202 -0.704432
1203 -0.704425
1204 -0.704122
1205 -0.704099
1206 -0.704385
1207 -0.704361
1208 -0.703812
1209 -0.7037
1210 -0.703757
1211 -0.703872
1212 -0.703685
1213 -0.703813
1214 -0.70419
1215 -0.704317
1216 -0.704408
1217 -0.704281
1218 -0.703949
1219 -0.704159
1220 -0.703958
1221 -0.703812
1222 -0.704047
1223 -0.704232
1224 -0.704146
1225 -0.704027
1226 -0.703687
1227 -0.703805
1228 -0.703643
1229 -0.703807
1230 -0.703757
1231 -0.70381
1232 -0.703938
1233 -0.704012
1234 -0.704049
1235 -0.704218
1236 -0.704263
1237 -0.704291
1238 -0.70436
1239 -0.704846
1240 -0.704702
1241 -0.704481
1242 -0.704718
1243 -0.704706
1244 -0.704854
1245 -0.704671
1246 -0.704181
1247 -0.70425
1248 -0.704333
1249 -0.704441
1250 -0.704008
1251 -0.703915
1252 -0.703603
1253 -0.704025
1254 -0.704038
1255 -0.704121
1256 -0.703629
1257 -0.703738
1258 -0.70373
1259 -0.703918
1260 -0.703684
1261 -0.703829
1262 -0.7039
1263 -0.704037
1264 -0.704024
1265 -0.703919
1266 -0.704013
1267 -0.704245
1268 -0.704517
1269 -0.704562
1270 -0.704711
1271 -0.704931
1272 -0.704832
1273 -0.704994
1274 -0.704676
1275 -0.704902
1276 -0.704824
1277 -0.705078
1278 -0.704936
1279 -0.70449
1280 -0.704699
1281 -0.704537
1282 -0.704753
1283 -0.704714
1284 -0.704754
1285 -0.704531
1286 -0.704459
1287 -0.704431
1288 -0.704382
1289 -0.704681
1290 -0.704834
1291 -0.704839
1292 -0.704762
1293 -0.704426
1294 -0.704137
1295 -0.703873
1296 -0.703801
1297 -0.704029
1298 -0.703914
1299 -0.703795
1300 -0.70386
1301 -0.704108
1302 -0.704356
1303 -0.704373
1304 -0.704355
1305 -0.704186
1306 -0.704418
1307 -0.70441
1308 -0.704553
1309 -0.70471
1310 -0.70465
1311 -0.704837
1312 -0.705009
1313 -0.705067
1314 -0.704848
1315 -0.704459
1316 -0.70464
1317 -0.704716
1318 -0.704945
1319 -0.704735
1320 -0.704856
1321 -0.704624
1322 -0.704607
1323 -0.70443
1324 -0.704455
1325 -0.704422
1326 -0.704195
1327 -0.704275
1328 -0.704015
1329 -0.704248
1330 -0.704297
1331 -0.703979
1332 -0.703968
1333 -0.704137
1334 -0.704282
1335 -0.704267
1336 -0.704187
1337 -0.704261
1338 -0.704529
1339 -0.704534
1340 -0.704526
1341 -0.704691
1342 -0.704391
1343 -0.704259
1344 -0.704223
1345 -0.704229
1346 -0.704525
1347 -0.704504
1348 -0.704565
1349 -0.704487
1350 -0.704301
1351 -0.704186
1352 -0.704146
1353 -0.704175
1354 -0.703843
1355 -0.704144
1356 -0.704182
1357 -0.70471
1358 -0.704932
1359 -0.704816
1360 -0.704774
1361 -0.704877
1362 -0.704837
1363 -0.704808
1364 -0.704985
1365 -0.705
1366 -0.705037
1367 -0.70527
1368 -0.705167
1369 -0.705108
1370 -0.70484
1371 -0.704885
1372 -0.7051
1373 -0.705057
1374 -0.704981
1375 -0.704913
1376 -0.704968
1377 -0.704924
1378 -0.704607
1379 -0.704536
1380 -0.704086
1381 -0.704219
1382 -0.70437
1383 -0.704504
1384 -0.704501
1385 -0.704449
1386 -0.704481
1387 -0.704314
1388 -0.704355
1389 -0.70456
1390 -0.704796
1391 -0.704921
1392 -0.704818
1393 -0.704854
1394 -0.704919
1395 -0.704964
1396 -0.704795
1397 -0.704392
1398 -0.704374
1399 -0.704316
1400 -0.704094
1401 -0.704035
1402 -0.704301
1403 -0.704462
1404 -0.704097
1405 -0.704156
1406 -0.70433
1407 -0.704491
1408 -0.704374
1409 -0.704396
1410 -0.704416
1411 -0.704216
1412 -0.704316
1413 -0.70426
1414 -0.704199
1415 -0.70439
1416 -0.704352
1417 -0.70459
1418 -0.704563
1419 -0.704499
1420 -0.704214
1421 -0.704468
1422 -0.704653
1423 -0.704284
1424 -0.704386
1425 -0.704591
1426 -0.704582
1427 -0.70454
1428 -0.704226
1429 -0.704655
1430 -0.704793
1431 -0.704932
1432 -0.705131
1433 -0.705175
1434 -0.705216
1435 -0.705258
1436 -0.705266
1437 -0.705046
1438 -0.705278
1439 -0.705056
1440 -0.70502
1441 -0.705417
1442 -0.705404
1443 -0.705324
1444 -0.705214
1445 -0.705066
1446 -0.70502
1447 -0.704722
1448 -0.705052
1449 -0.704985
1450 -0.704775
1451 -0.704662
1452 -0.704398
1453 -0.704367
1454 -0.704504
1455 -0.704569
1456 -0.704583
1457 -0.704628
1458 -0.704216
1459 -0.704178
1460 -0.704675
1461 -0.704445
1462 -0.704336
1463 -0.704773
1464 -0.704642
1465 -0.704717
1466 -0.704762
1467 -0.704757
1468 -0.704821
1469 -0.704945
1470 -0.70485
1471 -0.704702
1472 -0.704411
1473 -0.70473
1474 -0.70472
1475 -0.704882
1476 -0.70491
1477 -0.704888
1478 -0.704786
1479 -0.704822
1480 -0.704812
1481 -0.705051
1482 -0.705046
1483 -0.704867
1484 -0.704903
1485 -0.704539
1486 -0.704679
1487 -0.704565
1488 -0.704592
1489 -0.704708
1490 -0.704631
1491 -0.704723
1492 -0.704545
1493 -0.704728
1494 -0.704564
1495 -0.704538
1496 -0.704439
1497 -0.704559
1498 -0.704783
1499 -0.7047
1500 -0.704125
1501 -0.704007
1502 -0.703759
1503 -0.704179
1504 -0.704405
1505 -0.704374
1506 -0.704471
1507 -0.704733
1508 -0.70467
1509 -0.704583
1510 -0.704593
1511 -0.704479
1512 -0.704308
1513 -0.704384
1514 -0.704435
1515 -0.704494
1516 -0.70453
1517 -0.704657
1518 -0.704641
1519 -0.70462
1520 -0.704428
1521 -0.704685
1522 -0.70412
1523 -0.703908
1524 -0.704395
1525 -0.704228
1526 -0.704339
1527 -0.704668
1528 -0.704412
1529 -0.704324
1530 -0.704388
1531 -0.704347
1532 -0.704194
1533 -0.704172
1534 -0.704231
1535 -0.704164
1536 -0.704299
1537 -0.704209
1538 -0.704299
1539 -0.704057
1540 -0.704077
1541 -0.704112
1542 -0.70374
1543 -0.703602
1544 -0.703765
1545 -0.70414
1546 -0.704055
1547 -0.704199
1548 -0.704098
1549 -0.704092
1550 -0.703924
1551 -0.703511
1552 -0.70357
1553 -0.704046
1554 -0.704107
1555 -0.703915
1556 -0.704143
1557 -0.704259
1558 -0.704131
1559 -0.703974
1560 -0.704231
1561 -0.70398
1562 -0.703854
1563 -0.703713
1564 -0.703646
1565 -0.703775
1566 -0.703801
1567 -0.703663
1568 -0.703722
1569 -0.704094
1570 -0.704256
1571 -0.703821
1572 -0.7041
1573 -0.704184
1574 -0.704181
1575 -0.703971
1576 -0.70438
1577 -0.704504
1578 -0.70442
1579 -0.704663
1580 -0.704445
1581 -0.70456
1582 -0.70474
1583 -0.704737
1584 -0.704975
1585 -0.705009
1586 -0.705059
1587 -0.704966
1588 -0.704888
1589 -0.704897
1590 -0.70478
1591 -0.704689
1592 -0.70454
1593 -0.704154
1594 -0.70435
1595 -0.704214
1596 -0.704291
1597 -0.704527
1598 -0.704712
1599 -0.704528
1600 -0.704175
1601 -0.704043
1602 -0.704241
1603 -0.703999
1604 -0.704135
1605 -0.704437
1606 -0.704665
1607 -0.704531
1608 -0.704819
1609 -0.704867
1610 -0.704884
1611 -0.70453
1612 -0.704732
1613 -0.704986
1614 -0.704696
1615 -0.704441
1616 -0.704389
1617 -0.704157
1618 -0.704365
1619 -0.704774
1620 -0.704444
1621 -0.704293
1622 -0.704349
1623 -0.704293
1624 -0.704034
1625 -0.70396
1626 -0.704126
1627 -0.703953
1628 -0.704282
1629 -0.704189
1630 -0.704156
1631 -0.704441
1632 -0.703873
1633 -0.703864
1634 -0.703627
1635 -0.7034
1636 -0.703424
1637 -0.704158
1638 -0.703911
1639 -0.70414
1640 -0.703604
1641 -0.703503
1642 -0.703607
1643 -0.703588
1644 -0.703873
1645 -0.704047
1646 -0.704121
1647 -0.70421
1648 -0.704342
1649 -0.704136
1650 -0.704304
1651 -0.70423
1652 -0.704371
1653 -0.704279
1654 -0.704353
1655 -0.704108
1656 -0.704337
1657 -0.70466
1658 -0.704603
1659 -0.704389
1660 -0.704517
1661 -0.704442
1662 -0.704495
1663 -0.70442
1664 -0.704211
1665 -0.704402
1666 -0.704788
1667 -0.704546
1668 -0.704426
1669 -0.704443
1670 -0.704182
1671 -0.70416
1672 -0.704311
1673 -0.704365
1674 -0.704307
1675 -0.70435
1676 -0.704518
1677 -0.704442
1678 -0.704389
1679 -0.704356
1680 -0.7043
1681 -0.70445
1682 -0.70422
1683 -0.704561
1684 -0.704631
1685 -0.704752
1686 -0.704727
1687 -0.704679
1688 -0.70465
1689 -0.704397
1690 -0.704422
1691 -0.704539
1692 -0.704584
1693 -0.70458
1694 -0.704626
1695 -0.704621
1696 -0.704223
1697 -0.704358
1698 -0.704393
1699 -0.704463
1700 -0.704256
1701 -0.704171
1702 -0.704665
1703 -0.70469
1704 -0.70475
1705 -0.704808
1706 -0.704532
1707 -0.704794
1708 -0.704437
