0 0
0.777778 0
2.33333 0
3.11111 0
3.88889 0
5.44444 0
6.22222 0
0.388889 0.673575
1.16667 0.673575
1.94444 0.673575
2.72222 0.673575
3.5 0.673575
4.27778 0.673575
5.05556 0.673575
5.83333 0.673575
6.61111 0.673575
0 1.34715
0.777778 1.34715
1.55556 1.34715
2.33333 1.34715
3.88889 1.34715
4.66667 1.34715
5.44444 1.34715
6.22222 1.34715
0.388889 2.02073
1.16667 2.02073
1.94444 2.02073
2.72222 2.02073
3.5 2.02073
4.27778 2.02073
5.05556 2.02073
5.83333 2.02073
6.61111 2.02073
0 2.6943
0.777778 2.6943
1.55556 2.6943
2.33333 2.6943
3.11111 2.6943
3.88889 2.6943
4.66667 2.6943
6.22222 2.6943
0.388889 3.36788
1.16667 3.36788
1.94444 3.36788
2.72222 3.36788
3.5 3.36788
4.27778 3.36788
5.05556 3.36788
5.83333 3.36788
6.61111 3.36788
0 4.04145
0.777778 4.04145
1.55556 4.04145
2.33333 4.04145
3.11111 4.04145
4.66667 4.04145
5.44444 4.04145
6.22222 4.04145
0.388889 4.71503
1.16667 4.71503
1.94444 4.71503
2.72222 4.71503
3.5 4.71503
4.27778 4.71503
5.05556 4.71503
5.83333 4.71503
6.61111 4.71503
0 5.3886
0.777778 5.3886
1.55556 5.3886
2.33333 5.3886
3.11111 5.3886
3.88889 5.3886
4.66667 5.3886
5.44444 5.3886
7 0.018332
0.781221 0.0228196
2.34888 0.0294754
3.11868 0.0341825
3.90059 0.0344478
5.45732 0.0544995
6.23438 6.05965
0.395418 0.688161
1.17905 0.686898
1.9602 0.701577
2.73994 0.70188
3.49983 0.713569
4.27494 0.700728
5.05679 0.697578
5.85042 0.696798
6.62675 0.691152
0.00418107 1.35452
0.778161 1.36
1.55797 1.36051
2.35643 1.37241
3.89582 1.36836
4.67145 1.36547
5.45422 1.3616
6.22399 1.35974
0.387434 2.02926
1.16747 2.02825
1.9516 2.03271
2.73933 2.03364
3.50104 2.01443
4.28863 2.02508
5.07516 2.03799
5.83735 2.04169
6.60296 2.01926
6.9933 2.69865
0.781558 2.69171
1.5614 2.68678
2.33126 2.70231
3.12505 2.69306
3.8912 2.6833
4.69468 2.69684
6.22708 2.69915
0.391666 3.35043
1.17551 3.35128
1.96152 3.36615
2.73443 3.37288
3.52972 3.37094
4.29158 3.35549
5.05136 3.37547
5.81664 3.3553
6.60201 3.36305
6.99556 4.01661
0.788976 4.02217
1.56737 4.01939
2.33541 4.02741
3.12998 4.03241
4.65708 4.04764
5.42634 4.06041
6.21476 4.02045
0.397317 4.6723
1.17957 4.67718
1.94366 4.69601
2.72391 4.67214
3.5106 4.68645
4.28081 4.70831
5.03861 4.72536
5.83998 4.7004
6.60983 4.67623
6.99482 5.34206
0.768836 5.34653
1.54567 5.38541
2.33864 5.34042
3.10345 5.34545
3.88339 5.35474
4.65866 5.41861
5.46065 5.36337


0.016446 0.0432418
0.800287 0.0207632
2.34315 0.0364319
3.10385 0.0379988
3.89939 0.0484359
5.43562 0.0474452
6.22845 6.06218
0.400963 0.684486
1.1845 0.685054
1.94555 0.688278
2.7192 0.702321
3.49006 0.715693
4.28097 0.706588
5.06682 0.69496
5.84086 0.701823
6.61058 0.694337
0.0145456 1.35146
0.787173 1.36667
1.56254 1.36025
2.32648 1.36028
3.90082 1.38482
4.67754 1.363
5.44108 1.35638
6.23713 1.38434
0.395358 2.02445
1.16995 2.02372
1.95702 2.01916
2.7327 2.01376
3.50177 2.03482
4.28377 2.04091
5.0552 2.04432
5.81577 2.04001
6.61889 2.04062
0.0260328 2.70369
0.788632 2.68505
1.56971 2.6828
2.33937 2.69024
3.12281 2.69801
3.89303 2.70003
4.69023 2.7116
6.2201 2.69267
0.417761 3.35942
1.18341 3.35501
1.9621 3.3591
2.73107 3.35953
3.51052 3.36651
4.28287 3.35972
5.05508 3.3855
5.83614 3.34676
6.62905 3.3572
0.0056044 4.02401
0.791871 4.01145
1.55747 4.02834
2.33654 4.02843
3.11385 4.02532
4.65196 4.0388
5.4596 4.0551
6.22221 4.03001
0.388297 4.66989
1.1671 4.6931
1.93699 4.70152
2.71533 4.68682
3.5035 4.66941
4.28999 4.7079
5.06809 4.7169
5.84486 4.69352
6.60923 4.6795
0.0129478 5.34603
0.777868 5.33599
1.55684 5.41327
2.33321 5.3517
3.09898 5.34272
3.87659 5.35344
4.67674 5.42198
5.47346 5.36482


0.0228468 0.0339555
0.803646 0.0534561
2.34413 0.0439505
3.11726 0.0648895
3.89735 0.0546628
5.43485 0.0279744
6.22199 6.03055
0.398462 0.693779
1.18122 0.708344
1.94979 0.689837
2.73784 0.719292
3.50922 0.743742
4.30172 0.702861
5.07832 0.697483
5.84398 0.685636
6.60861 0.66772
6.99279 1.34712
0.771294 1.36896
1.5627 1.35981
2.32013 1.35665
3.89661 1.38699
4.67694 1.37925
5.45358 1.36295
6.22812 1.35397
0.37067 2.01563
1.16994 2.01345
1.94061 2.02905
2.71529 2.01296
3.50627 2.03291
4.28203 2.04497
5.07838 2.03616
5.83878 2.03633
6.60301 2.01543
0.00930264 2.68368
0.781056 2.69645
1.56381 2.68231
2.34874 2.67661
3.11883 2.69105
3.90503 2.70249
4.69646 2.69261
6.21952 2.68347
0.395197 3.36269
1.17369 3.35006
1.95374 3.34649
2.72436 3.3481
3.51266 3.37422
4.27963 3.37716
5.06454 3.37072
5.8321 3.35513
6.6181 3.35971
0.0120077 4.03335
0.792676 4.01855
1.55654 4.01775
2.34398 4.01807
3.11526 4.02177
4.67098 4.03905
5.454 4.04537
6.24249 4.02661
0.413271 4.70502
1.19139 4.70346
1.96309 4.69617
2.73857 4.68593
3.50846 4.6839
4.29908 4.71439
5.06757 4.71205
5.84048 4.6861
6.617 4.69336
0.00268566 5.34665
0.772413 5.36219
1.55311 5.39963
2.35461 5.35373
3.12149 5.36515
3.88458 5.35922
4.69301 5.39708
5.49243 5.34929


0.0147718 0.0368534
0.797449 0.0442998
2.35437 0.0627497
3.12206 0.0659996
3.88977 0.0447904
5.44237 0.0385086
6.2432 6.04419
0.387105 0.705441
1.18163 0.710612
1.95081 0.701425
2.74362 0.732418
3.50799 0.717425
4.28716 0.708066
5.0673 0.701595
5.84497 0.677356
6.60778 0.678925
6.98911 1.35207
0.77414 1.38175
1.55089 1.36298
2.32226 1.37148
3.90107 1.368
4.66921 1.37953
5.4422 1.35727
6.21144 1.34695
0.381393 2.02686
1.15692 2.03621
1.94179 2.03695
2.72176 2.02022
3.50248 2.03927
4.27645 2.04312
5.05365 2.03246
5.83304 2.01421
6.60129 2.02296
6.98963 2.69304
0.76969 2.70364
1.54411 2.69583
2.35107 2.69418
3.11342 2.69577
3.89576 2.7055
4.67417 2.70792
6.2152 2.69244
0.385162 3.35938
1.16918 3.36948
1.94624 3.35505
2.72229 3.36453
3.49312 3.37647
4.26987 3.39243
5.05593 3.36567
5.83514 3.3541
6.60707 3.36104
6.99732 4.03353
0.798659 4.03583
1.56423 4.03275
2.33587 4.023
3.11306 4.02791
4.67594 4.04847
5.44189 4.01746
6.225 4.01881
0.391345 4.68562
1.18541 4.71287
1.94188 4.71697
2.73071 4.70265
3.51253 4.68419
4.30377 4.72891
5.07953 4.71643
5.84002 4.67172
6.60512 4.69404
6.9747 5.35139
0.769723 5.36224
1.56375 5.41609
2.34888 5.36558
3.11885 5.35737
3.8902 5.35975
4.70959 5.409
5.51235 5.3462


0.0297145 0.0189757
0.798903 0.041493
2.34581 0.0581676
3.10637 0.0724186
3.89349 0.0558048
5.42313 0.0317585
6.23145 6.03614
0.405709 0.705547
1.17742 0.698093
1.95976 0.726436
2.72178 0.737612
3.50285 0.722539
4.29482 0.709333
5.0517 0.690234
5.83449 0.683186
6.62064 0.658341
6.983 1.35622
0.78879 1.36081
1.56053 1.37528
2.34592 1.39212
3.90627 1.38239
4.68524 1.3664
5.46062 1.35607
6.22298 1.34561
0.387657 2.02524
1.17674 2.03049
1.95907 2.0476
2.74222 2.03027
3.51069 2.03793
4.2935 2.03026
5.06135 2.03206
5.84031 2.0277
6.61698 2.02661
0 2.68988
0.77529 2.70064
1.54879 2.69528
2.34619 2.69431
3.12079 2.69443
3.89189 2.69478
4.68029 2.69512
6.20751 2.69433
0.402104 3.36388
1.16887 3.36986
1.94332 3.36877
2.72383 3.34778
3.50771 3.36177
4.2693 3.37447
5.04575 3.37032
5.82308 3.3593
6.61681 3.35781
0.0124164 4.0167
0.796058 4.03043
1.57184 4.04367
2.35377 4.03084
3.11153 4.02264
4.67157 4.04211
5.44487 4.03634
6.22484 4.00806
0.393751 4.67304
1.16567 4.71235
1.94802 4.7129
2.72759 4.6962
3.49259 4.7056
4.26747 4.70279
5.05982 4.71649
5.84865 4.6895
6.61575 4.66133
6.96594 5.34434
0.755477 5.35239
1.5725 5.42182
2.35208 5.35842
3.12408 5.37798
3.89278 5.35902
4.67689 5.41354
5.49292 5.35502


0.0328503 0.0191614
0.813678 0.025258
2.351 0.0604185
3.1301 0.0597253
3.90108 0.0451198
5.41851 0.0298701
6.23513 6.02511
0.401209 0.700868
1.17473 0.691171
1.93626 0.709393
2.73151 0.725991
3.50647 0.735716
4.29084 0.711025
5.05007 0.700396
5.84093 0.675293
6.61695 0.662133
6.98865 1.34449
0.778255 1.36406
1.55613 1.37273
2.33219 1.37304
3.90879 1.38261
4.67204 1.37597
5.4424 1.36154
6.21977 1.33717
0.386086 2.01357
1.15942 2.02679
1.9426 2.0296
2.72438 2.02319
3.51389 2.05222
4.29091 2.05712
5.06373 2.05128
5.8213 2.03528
6.60718 2.01871
0.00654154 2.67371
0.783588 2.68778
1.55627 2.68363
2.32817 2.70191
3.1021 2.70432
3.89304 2.71891
4.66919 2.71633
6.22707 2.67326
0.39986 3.3572
1.17633 3.35297
1.93765 3.36454
2.71897 3.37
3.49415 3.37649
4.27744 3.39559
5.06899 3.35821
5.83001 3.34188
6.62589 3.35262
0.0161707 4.01048
0.79687 4.02639
1.559 4.03649
2.34062 4.0488
3.11842 4.02924
4.67938 4.04281
5.44459 4.02138
6.23619 4.01101
0.402528 4.68485
1.17733 4.70339
1.93814 4.71755
2.7184 4.70815
3.5265 4.67734
4.31754 4.7213
5.06938 4.70517
5.85066 4.67076
6.61443 4.67458
6.99455 5.33699
0.780808 5.34536
1.56428 5.41193
2.34086 5.36831
3.11909 5.36583
3.8905 5.34756
4.70502 5.4206
5.50415 5.35139


0.0138083 0.040797
0.79349 0.036632
2.35342 0.0449225
3.13673 0.0440935
3.91381 0.0455765
5.42724 0.0308755
6.22358 6.05171
0.381343 0.703257
1.1607 0.7045
1.94593 0.70132
2.7329 0.723782
3.51876 0.707461
4.30011 0.709619
5.06026 0.703881
5.83808 0.676728
6.59867 0.687856
6.98994 1.35046
0.771746 1.35766
1.56361 1.35423
2.32782 1.36285
3.89087 1.3742
4.66562 1.38887
5.44314 1.3632
6.21175 1.35302
0.395654 2.00675
1.175 2.02195
1.94694 2.03119
2.72009 2.03654
3.50537 2.045
4.2759 2.04837
5.06129 2.058
5.83392 2.0332
6.61748 2.03097
0.0109787 2.68143
0.78348 2.68312
1.56353 2.69583
2.35046 2.70367
3.10858 2.6967
3.8738 2.71394
4.6458 2.71208
6.23217 2.70608
0.415268 3.35363
1.17829 3.35973
1.95532 3.35976
2.72898 3.36927
3.50731 3.37636
4.27283 3.39186
5.05396 3.34709
5.8341 3.3664
6.63893 3.35891
0.025232 4.00835
0.800585 4.02018
1.56709 4.04418
2.342 4.02845
3.10642 4.03045
4.68739 4.04105
5.45063 4.02503
6.23534 4.00369
0.39084 4.67162
1.18796 4.71801
1.95011 4.70758
2.7164 4.70213
3.50861 4.6743
4.28445 4.7113
5.07991 4.7019
5.86416 4.66587
6.63523 4.66417
6.98448 5.33809
0.761065 5.34249
1.57403 5.4228
2.34226 5.36496
3.13075 5.35576
3.9049 5.36614
4.71811 5.40255
5.50795 5.336


0.00868685 0.0337937
0.793966 0.0399725
2.31851 0.0531383
3.1186 0.0369721
3.92693 0.0615472
5.4337 0.0498389
6.22137 6.04658
0.390766 0.687437
1.18266 0.699101
1.9433 0.715517
2.73706 0.701445
3.51751 0.718698
4.28382 0.722964
5.0424 0.697879
5.84069 0.679561
6.60095 0.681416
6.99699 1.34908
0.774673 1.35254
1.54901 1.37576
2.34368 1.36723
3.88157 1.38341
4.66459 1.38419
5.45564 1.35857
6.22603 1.36129
0.383532 2.01449
1.16775 2.03673
1.94221 2.024
2.72355 2.02092
3.50598 2.02864
4.28606 2.0508
5.05699 2.05047
5.8373 2.03109
6.61253 2.02563
0.00845749 2.68722
0.793337 2.70077
1.56851 2.69643
2.33854 2.6871
3.12674 2.69486
3.89711 2.70293
4.66021 2.70973
6.23862 2.69676
0.396275 3.34732
1.16579 3.35391
1.95283 3.37246
2.7279 3.3524
3.49788 3.37222
4.25444 3.37436
5.04825 3.37226
5.83496 3.34902
6.62827 3.3575
0.020133 4.01705
0.800133 4.02398
1.56846 4.02712
2.34881 4.03859
3.11672 4.0377
4.66879 4.04771
5.43869 4.03812
6.22097 4.0154
0.407553 4.68064
1.18579 4.70847
1.95999 4.70543
2.73539 4.7026
3.52988 4.68162
4.30674 4.72487
5.0678 4.72016
5.84961 4.68006
6.62367 4.67581
6.98086 5.33348
0.774298 5.3483
1.57371 5.39808
2.36852 5.35669
3.15593 5.35118
3.91594 5.37638
4.71182 5.41811
5.5125 5.36864


0.0182043 0.0253624
0.796411 0.0530509
2.32488 0.0480553
3.1165 0.0499032
3.90296 0.0601033
5.4215 0.0479022
6.22459 6.0361
0.407962 0.699971
1.18082 0.705829
1.9474 0.700162
2.73273 0.705408
3.49287 0.722138
4.28911 0.70866
5.05747 0.708089
5.83865 0.686687
6.62154 0.677937
0.0125881 1.35271
0.804231 1.36242
1.57073 1.37596
2.34197 1.37345
3.89397 1.37497
4.6703 1.37561
5.44343 1.35649
6.22339 1.34722
0.395413 2.01638
1.17303 2.03454
1.96401 2.038
2.748 2.02805
3.51392 2.03767
4.28919 2.03734
5.08794 2.04683
5.84419 2.02522
6.60221 2.01206
6.99516 2.67259
0.780411 2.69157
1.56688 2.70728
2.34182 2.69544
3.11477 2.71408
3.89459 2.71414
4.67259 2.69541
6.219 2.69119
0.387307 3.35029
1.17919 3.3727
1.95198 3.37599
2.72462 3.37875
3.5125 3.38185
4.28072 3.37454
5.04628 3.35598
5.82267 3.36447
6.61582 3.3557
0.0101799 4.02046
0.783765 4.02628
1.56979 4.04701
2.34285 4.04492
3.11281 4.04706
4.67185 4.04108
5.45069 4.02185
6.22584 4.0117
0.397305 4.69043
1.18592 4.70713
1.95937 4.7063
2.73912 4.70148
3.53055 4.69702
4.31118 4.71424
5.08301 4.70384
5.85727 4.69354
6.62031 4.68573
6.99237 5.34463
0.777238 5.34963
1.58537 5.42185
2.37243 5.35212
3.15886 5.3552
3.92297 5.37837
4.71174 5.41672
5.49472 5.37807


0.0150146 0.0383641
0.782422 0.0336155
2.32734 0.045835
3.13063 0.0316623
3.92543 0.0402386
5.39807 0.0624016
6.21875 6.0464
0.403428 0.709559
1.17793 0.693009
1.9393 0.70834
2.73267 0.706948
3.51419 0.704699
4.28799 0.724723
5.05247 0.72591
5.83094 0.694605
6.60482 0.689151
7 1.34324
0.798863 1.36315
1.5641 1.38034
2.33233 1.37915
3.8729 1.3836
4.66146 1.39653
5.44437 1.37067
6.22119 1.36629
0.385042 2.02287
1.16278 2.03927
1.94921 2.04994
2.73065 2.04396
3.50431 2.04459
4.27586 2.05237
5.06042 2.04673
5.84081 2.03353
6.61048 2.02549
6.99144 2.69285
0.770947 2.69089
1.55965 2.69006
2.34185 2.70816
3.11203 2.71946
3.89297 2.72453
4.65424 2.71151
6.22084 2.69271
0.391025 3.35959
1.17135 3.35776
1.94665 3.36344
2.72084 3.37178
3.50058 3.38464
4.26579 3.38674
5.05578 3.3628
5.82342 3.34556
6.60984 3.36327
6.99848 4.02492
0.771849 4.02162
1.55035 4.04124
2.31816 4.04318
3.09771 4.03661
4.6651 4.04827
5.4569 4.03533
6.22884 4.02504
0.382921 4.67687
1.17224 4.70482
1.9534 4.70955
2.74536 4.69506
3.52486 4.67584
4.32313 4.71302
5.09262 4.7198
5.84937 4.69824
6.61026 4.6899
6.98799 5.34629
0.775582 5.33813
1.56757 5.38214
2.35447 5.35309
3.14505 5.33963
3.91409 5.35181
4.73043 5.40915
5.51846 5.38174


0.013802 0.0302338
0.794777 0.0315224
2.3467 0.0389392
3.12529 0.0562508
3.89128 0.0524981
5.41016 0.0573654
6.20106 6.04629
0.39731 0.710601
1.19335 0.692107
1.95564 0.699278
2.72949 0.701647
3.50341 0.720334
4.29015 0.716495
5.04828 0.728823
5.8266 0.700641
6.60243 0.693716
7 1.35329
0.805946 1.35648
1.57242 1.37317
2.35984 1.36891
3.888 1.3788
4.66237 1.39577
5.44595 1.37764
6.21935 1.36688
0.396907 2.01871
1.17263 2.03779
1.96184 2.03904
2.73525 2.05117
3.50607 2.04569
4.27978 2.062
5.05884 2.05744
5.83796 2.05063
6.62541 2.01719
0.0089772 2.69585
0.772677 2.69673
1.55961 2.71251
2.33723 2.71968
3.11377 2.71312
3.88149 2.72273
4.67227 2.71193
6.2206 2.70324
0.39087 3.35933
1.16124 3.36846
1.9485 3.37026
2.72731 3.38441
3.50057 3.40136
4.28682 3.37997
5.06585 3.3638
5.84035 3.36766
6.61645 3.36121
0.00742758 4.02407
0.784075 4.02442
1.55233 4.03365
2.3271 4.03804
3.10552 4.05419
4.68912 4.04486
5.43594 4.04786
6.23246 4.0183
0.390127 4.67816
1.15972 4.70865
1.93776 4.71159
2.73503 4.71451
3.54536 4.68427
4.31907 4.71365
5.08472 4.73691
5.86612 4.69613
6.62043 4.68035
6.97745 5.34202
0.746463 5.33932
1.53876 5.39443
2.34251 5.35502
3.14421 5.36666
3.92888 5.3576
4.73244 5.42344
5.54116 5.37951


0.0186712 0.0544019
0.804047 0.0437341
2.33238 0.0442945
3.11792 0.0444437
3.907 0.0620462
5.38706 0.0577304
6.20529 0.00603443
0.394562 0.700403
1.17641 0.713577
1.94532 0.720978
2.73212 0.704357
3.5013 0.728208
4.27919 0.721558
5.04792 0.732212
5.82559 0.704409
6.59432 0.695014
0.00772148 1.37053
0.784837 1.37249
1.55612 1.37911
2.34991 1.37559
3.89573 1.38804
4.665 1.39991
5.4405 1.38243
6.22192 1.3699
0.392832 2.02768
1.17951 2.03904
1.96366 2.03825
2.74455 2.03231
3.5106 2.04486
4.2672 2.06193
5.05878 2.05484
5.82257 2.05145
6.61898 2.02632
0.0142296 2.69155
0.794631 2.69996
1.55994 2.69862
2.3304 2.70221
3.10779 2.71818
3.88908 2.73474
4.65906 2.73195
6.24604 2.69972
0.403946 3.3552
1.16147 3.37376
1.93738 3.37735
2.70587 3.37494
3.50266 3.39274
4.27897 3.39768
5.06786 3.38098
5.83814 3.35307
6.6226 3.35739
0.0125089 4.01452
0.782319 4.03195
1.5405 4.03263
2.31673 4.05211
3.0962 4.03341
4.70651 4.06772
5.47027 4.03584
6.23632 4.01029
0.382475 4.67923
1.14793 4.7125
1.92938 4.72022
2.73777 4.70801
3.51766 4.69323
4.3122 4.73592
5.09953 4.73505
5.86936 4.69458
6.62371 4.67865
6.99345 5.34205
0.757554 5.35779
1.55043 5.40736
2.34132 5.35317
3.12788 5.35509
3.90157 5.38351
4.72175 5.41067
5.54406 5.38383


0.012438 0.0490865
0.800671 0.0384782
2.3381 0.052374
3.12469 0.0572655
3.91396 0.0625502
5.40356 0.054872
6.22898 0.0113099
0.397736 0.701199
1.18359 0.697959
1.94475 0.722039
2.73385 0.724508
3.50704 0.739551
4.30481 0.722453
5.05699 0.73015
5.81234 0.709582
6.59284 0.697708
7 1.36467
0.786738 1.36188
1.56096 1.37005
2.34809 1.37999
3.8796 1.39348
4.66437 1.39962
5.44102 1.39084
6.23525 1.36721
0.396428 2.01386
1.17357 2.02585
1.95397 2.0361
2.73687 2.04959
3.49651 2.05161
4.26508 2.06764
5.05999 2.0789
5.8439 2.04167
6.62138 2.03668
0.0198987 2.69598
0.797995 2.68877
1.56687 2.69884
2.33919 2.70287
3.11873 2.71847
3.89892 2.72977
4.65795 2.73877
6.23319 2.69647
0.413641 3.35333
1.16943 3.35882
1.94687 3.37591
2.72192 3.37719
3.50601 3.38895
4.28518 3.41184
5.06882 3.3796
5.86395 3.34569
6.64484 3.36656
0.0257809 4.02982
0.794899 4.04343
1.56088 4.03247
2.32175 4.04421
3.10375 4.04168
4.69719 4.06359
5.46722 4.03685
6.24182 4.01166
0.395159 4.69637
1.18356 4.70762
1.94406 4.6987
2.72222 4.69377
3.51748 4.69973
4.30632 4.72986
5.09263 4.74265
5.86908 4.69958
6.63287 4.69228
6.96324 5.35709
0.752564 5.3593
1.53181 5.41698
2.31684 5.35805
3.10965 5.35708
3.89487 5.37269
4.71479 5.43573
5.55431 5.38695


0.000853581 0.0497624
0.780526 0.0515085
2.37666 0.0399605
3.15404 0.0714173
3.93828 0.075925
5.36805 0.0465278
6.2008 6.05876
0.390536 0.697912
1.18333 0.68891
1.94551 0.68265
2.7307 0.718296
3.51936 0.741432
4.2848 0.747482
5.04042 0.72827
5.82531 0.68628
6.60037 0.694373
0.00610998 1.35293
0.772464 1.36211
1.55333 1.37571
2.32561 1.36851
3.88885 1.40809
4.6724 1.41077
5.4443 1.38948
6.21626 1.37253
0.388135 2.03296
1.1646 2.02815
1.94483 2.0463
2.72189 2.03174
3.50385 2.04813
4.29091 2.07805
5.05149 2.06586
5.83471 2.04878
6.61725 2.02752
6.99828 2.6974
0.778581 2.69995
1.54711 2.70114
2.32787 2.70074
3.10013 2.70577
3.88552 2.71697
4.6638 2.74858
6.22978 2.709
0.399281 3.3718
1.17186 3.38722
1.94913 3.37049
2.71988 3.36209
3.49317 3.39318
4.27758 3.40696
5.06765 3.39568
5.83199 3.38121
6.62946 3.36581
6.9998 4.02379
0.773347 4.04074
1.55062 4.04816
2.32606 4.04636
3.10017 4.04565
4.6802 4.07122
5.46446 4.04796
6.24012 4.02329
0.380146 4.69301
1.15073 4.71548
1.92912 4.71173
2.71015 4.71323
3.523 4.68611
4.31503 4.74581
5.08265 4.72556
5.85969 4.70356
6.60669 4.68974
6.96199 5.35735
0.738314 5.36534
1.55796 5.41682
2.31721 5.36074
3.11027 5.36895
3.89522 5.36887
4.7075 5.4497
5.53151 5.38242


0.00781082 0.0244984
0.789811 0.0494947
2.37378 0.0530184
3.168 0.0444779
3.95844 0.0569942
5.38695 0.0513833
6.18578 6.04621
0.382703 0.70121
1.16578 0.714259
1.96539 0.719797
2.74636 0.717178
3.51579 0.728744
4.28449 0.733842
5.04015 0.725305
5.81762 0.694907
6.60485 0.692067
6.99281 1.37159
0.782979 1.37526
1.55993 1.37074
2.3318 1.37235
3.8766 1.40724
4.66347 1.39645
5.44253 1.38571
6.22201 1.37037
0.389029 2.03793
1.17149 2.02535
1.94626 2.04018
2.721 2.03535
3.48347 2.05843
4.26956 2.06365
5.06018 2.05389
5.8181 2.0405
6.61919 2.03459
6.9963 2.7053
0.78685 2.70537
1.55796 2.70125
2.32149 2.71437
3.11054 2.71066
3.89415 2.72466
4.66217 2.71969
6.2138 2.69105
0.391381 3.36924
1.16506 3.36345
1.9484 3.37522
2.72441 3.37957
3.50786 3.39124
4.2763 3.39201
5.06916 3.37928
5.83141 3.36912
6.60392 3.35795
0.010034 4.02241
0.786524 4.04424
1.55313 4.03615
2.33826 4.04179
3.1188 4.04859
4.68499 4.04602
5.44492 4.04294
6.21895 4.02542
0.394228 4.69687
1.16937 4.71438
1.94318 4.71228
2.7267 4.70213
3.53146 4.67234
4.31693 4.72357
5.08706 4.73463
5.84329 4.69513
6.6053 4.67253
6.9809 5.34259
0.761342 5.35124
1.55317 5.42885
2.33549 5.35989
3.11474 5.35949
3.9047 5.36729
4.71002 5.45391
5.51917 5.37548


0.00434913 0.0233098
0.793919 0.0507996
2.35105 0.0637297
3.13485 0.0525519
3.92355 0.0608693
5.3759 0.0339057
6.20052 6.04758
0.391645 0.709269
1.18865 0.701226
1.95197 0.70966
2.74638 0.737977
3.51819 0.726403
4.2881 0.716293
5.04243 0.727905
5.82021 0.685885
6.59023 0.686655
7 1.36717
0.782835 1.36688
1.56201 1.3862
2.33427 1.37608
3.90775 1.39436
4.66979 1.4028
5.44784 1.38593
6.21653 1.36928
0.387982 2.03143
1.16446 2.04025
1.95597 2.04492
2.72364 2.0437
3.49632 2.05901
4.27637 2.06329
5.05873 2.07353
5.84334 2.03715
6.61921 2.03955
0.00917778 2.70632
0.784898 2.70609
1.55838 2.70302
2.33642 2.70277
3.10773 2.73739
3.88403 2.72093
4.67778 2.73287
6.21526 2.70093
0.401051 3.37881
1.17698 3.36707
1.95612 3.37076
2.72269 3.37973
3.50384 3.38159
4.26745 3.41431
5.06782 3.38034
5.84291 3.35962
6.61796 3.35463
7 4.02839
0.794809 4.03629
1.57944 4.03576
2.3508 4.04101
3.12816 4.03512
4.67081 4.04198
5.45625 4.03666
6.23735 4.0323
0.391261 4.68483
1.1846 4.72948
1.96059 4.73164
2.74217 4.69163
3.53245 4.69546
4.30735 4.72761
5.07548 4.72338
5.85436 4.68768
6.60953 4.68431
6.97391 5.33375
0.758903 5.35768
1.56168 5.4302
2.36453 5.37219
3.13497 5.36713
3.89989 5.36355
4.71727 5.42957
5.51153 5.36066


6.99745 0.0465192
0.778461 0.0472399
2.34485 0.0503318
3.12164 0.0745639
3.90779 0.0774153
5.37076 0.0231089
6.18702 6.03298
0.384536 0.702142
1.1639 0.725772
1.94317 0.705654
2.72282 0.726493
3.51306 0.7326
4.28446 0.734127
5.04112 0.726027
5.82266 0.673214
6.59745 0.697507
6.9971 1.36663
0.773177 1.37415
1.55752 1.36726
2.31884 1.3689
3.87424 1.392
4.67469 1.39325
5.45193 1.37856
6.21798 1.37823
0.388668 2.0449
1.16993 2.03554
1.95542 2.03215
2.73661 2.03529
3.51547 2.04706
4.28846 2.06376
5.0762 2.06555
5.82931 2.04348
6.61213 2.04829
0.00712072 2.70581
0.80313 2.70039
1.56976 2.70087
2.3461 2.70551
3.12591 2.71517
3.89316 2.71826
4.6617 2.72279
6.22282 2.70375
0.392505 3.36358
1.17209 3.3803
1.95226 3.37035
2.736 3.38748
3.52462 3.38932
4.283 3.39597
5.05588 3.36953
5.82793 3.36132
6.60389 3.3646
0.0168457 4.02264
0.785746 4.02907
1.57107 4.04305
2.36333 4.04152
3.13945 4.04368
4.68225 4.05471
5.44744 4.04056
6.22924 4.02134
0.38726 4.69172
1.1759 4.71729
1.94088 4.72277
2.75559 4.69907
3.53622 4.69819
4.32277 4.72285
5.08032 4.72169
5.86203 4.6905
6.62001 4.68651
6.97471 5.35726
0.756044 5.36535
1.54752 5.41815
2.35372 5.352
3.14684 5.37732
3.91347 5.37329
4.72763 5.42624
5.52741 5.3567


