0 0
1.08571 0
2.17141 0
3.25712 0
4.34282 0
5.42853 0
0 1.08571
1.08571 1.08571
2.17141 1.08571
3.25712 1.08571
4.34282 1.08571
5.42853 1.08571
0 2.17141
1.08571 2.17141
2.17141 2.17141
3.25712 2.17141
4.34282 2.17141
5.42853 2.17141
0 3.25712
1.08571 3.25712
2.17141 3.25712
3.25712 3.25712
4.34282 3.25712
5.42853 3.25712
0 4.34282
1.08571 4.34282
2.17141 4.34282
3.25712 4.34282
4.34282 4.34282
5.42853 4.34282
0 5.42853
1.08571 5.42853
2.17141 5.42853
3.25712 5.42853
4.34282 5.42853
5.42853 5.42853
