0 0
0.833333 0
1.66667 0
2.5 0
3.33333 0
4.16667 0
0.416667 0.721688
1.25 0.721688
2.08333 0.721688
2.91667 0.721688
3.75 0.721688
4.58333 0.721688
0 1.44338
0.833333 1.44338
1.66667 1.44338
2.5 1.44338
3.33333 1.44338
4.16667 1.44338
0.416667 2.16506
1.25 2.16506
2.08333 2.16506
2.91667 2.16506
3.75 2.16506
4.58333 2.16506
0 2.88675
0.833333 2.88675
1.66667 2.88675
2.5 2.88675
3.33333 2.88675
4.16667 2.88675
0.416667 3.60844
1.25 3.60844
2.08333 3.60844
2.91667 3.60844
3.75 3.60844
4.58333 3.60844
