0 7.92876
1 7.92876
2 7.92876
3 7.92876
4 7.92876
5 7.92876
6 7.92876
7 7.92876
8 7.92876
9 7.92876
10 7.92876
11 7.92876
12 7.92876
13 7.92876
14 7.92876
15 7.92876
16 7.92876
17 7.92876
18 7.92876
19 7.92876
20 7.92876
21 7.92876
22 7.92876
23 7.92876
24 7.92876
25 7.92876
26 7.92876
27 7.92876
28 7.92876
29 7.92876
30 7.92876
31 7.92876
32 7.92876
33 7.92876
34 7.92876
35 7.92876
36 7.92876
37 7.92876
38 7.92876
39 7.92876
40 7.92876
41 7.92876
42 7.92876
43 7.92876
44 7.92876
45 7.92876
46 7.92876
47 7.92876
48 7.92876
49 7.92876
50 7.92876
51 7.92876
52 7.92876
53 7.92876
54 7.92876
55 7.92876
56 7.92876
57 7.92876
58 7.92876
59 7.92876
60 7.92876
61 7.92876
62 7.92876
63 7.92876
64 7.92876
65 7.92876
66 7.92876
67 7.92876
68 7.92876
69 7.92876
70 7.92876
71 7.92876
72 7.92876
73 7.92876
74 7.92876
75 7.92876
76 7.92876
77 7.92876
78 7.92876
79 7.92876
80 7.92876
81 7.92876
82 7.92876
83 7.92876
84 7.92876
85 7.92876
86 7.92876
87 7.92876
88 7.92876
89 7.92876
90 7.92876
91 7.92876
92 7.92876
93 7.92876
94 7.92876
95 7.92876
96 7.92876
97 7.92876
98 7.92876
99 7.92876
100 7.92876
101 7.92876
102 7.92876
103 7.92876
104 7.92876
105 7.92876
106 7.92876
107 7.92876
108 7.92876
109 7.92876
110 7.92876
111 7.92876
112 7.92876
113 7.92876
114 7.92876
115 7.92876
116 7.92876
117 7.92876
118 7.92876
119 7.92876
120 7.92876
121 7.92876
122 7.92876
123 7.92876
124 7.92876
125 7.92876
126 7.92876
127 7.92876
128 7.92876
129 7.92876
130 7.92876
131 7.92876
132 7.92876
133 7.92876
134 7.92876
135 7.92876
136 7.92876
137 7.92876
138 7.92876
139 7.92876
140 7.92876
141 7.92876
142 7.92876
143 7.92876
144 7.92876
145 7.92876
146 7.92876
147 7.92876
148 7.92876
149 7.92876
150 7.92876
151 7.92876
152 7.92876
153 7.92876
154 7.92876
155 7.92876
156 7.92876
157 7.92876
158 7.92876
159 7.92876
160 7.92876
161 7.92876
162 7.92876
163 7.92876
164 7.92876
165 7.92876
166 7.92876
167 7.92876
168 7.92876
169 7.92876
170 7.92876
171 7.92876
172 7.92876
173 7.92876
174 7.92876
175 7.92876
176 7.92876
177 7.92876
178 7.92876
179 7.92876
180 7.92876
181 7.92876
182 7.92876
183 7.92876
184 7.92876
185 7.92876
186 7.92876
187 7.92876
188 7.92876
189 7.92876
190 7.92876
191 7.92876
192 7.92876
193 7.92876
194 7.92876
195 7.92876
196 7.92876
197 7.92876
198 7.92876
199 7.92876
200 7.92876
201 7.92876
202 7.92876
203 7.92876
204 7.92876
205 7.92876
206 7.92876
207 7.92876
208 7.92876
209 7.92876
210 7.92876
211 7.92876
212 7.92876
213 7.92876
214 7.92876
215 7.92876
216 7.92876
217 7.92876
218 7.92876
219 7.92876
220 7.92876
221 7.92876
222 7.92876
223 7.92876
224 7.92876
225 7.92876
226 7.92876
227 7.92876
228 7.92876
229 7.92876
230 7.92876
231 7.92876
232 7.92876
233 7.92876
234 7.92876
235 7.92876
236 7.92876
237 7.92876
238 7.92876
239 7.92876
240 7.92876
241 7.92876
242 7.92876
243 7.92876
244 7.92876
245 7.92876
246 7.92876
247 7.92876
248 7.92876
249 7.92876
250 7.92876
251 7.92876
252 7.92876
253 7.92876
254 7.92876
255 7.92876
256 7.92876
257 7.92876
258 7.92876
259 7.92876
260 7.92876
261 7.92876
262 7.92876
263 7.92876
264 7.92876
265 7.92876
266 7.92876
267 7.92876
268 7.92876
269 7.92876
270 7.92876
271 7.92876
272 7.92876
273 7.92876
274 7.92876
275 7.92876
276 7.92876
277 7.92876
278 7.92876
279 7.92876
280 7.92876
281 7.92876
282 7.92876
283 7.92876
284 7.92876
285 7.92876
286 7.92876
287 7.92876
288 7.92876
289 7.92876
290 7.92876
291 7.92876
292 7.92876
293 7.92876
294 7.92876
295 7.92876
296 7.92876
297 7.92876
298 7.92876
299 7.92876
300 7.92876
301 7.92876
302 7.92876
303 7.92876
304 7.92876
305 7.92876
306 7.92876
307 7.92876
308 7.92876
309 7.92876
310 7.92876
311 7.92876
312 7.92876
313 7.92876
314 7.92876
315 7.92876
316 7.92876
317 7.92876
318 7.92876
319 7.92876
320 7.92876
321 7.92876
322 7.92876
323 7.92876
324 7.92876
325 7.92876
326 7.92876
327 7.92876
328 7.92876
329 7.92876
330 7.92876
331 7.92876
332 7.92876
333 7.92876
334 7.92876
335 7.92876
336 7.92876
337 7.92876
338 7.92876
339 7.92876
340 7.92876
341 7.92876
342 7.92876
343 7.92876
344 7.92876
345 7.92876
346 7.92876
347 7.92876
348 7.92876
349 7.92876
350 7.