0 7.92966
1 7.92966
2 7.92966
3 7.92966
4 7.92966
5 7.92966
6 7.92966
7 7.92966
8 7.92966
9 7.92966
10 7.92966
11 7.92966
12 7.92966
13 7.92966
14 7.92966
15 7.92966
16 7.92966
17 7.92966
18 7.92966
19 7.92966
20 7.92966
21 7.92966
22 7.92966
23 7.92966
24 7.92966
25 7.92966
26 7.92966
27 7.92966
28 7.92966
29 7.92966
30 7.92966
31 7.92966
32 7.92966
33 7.92966
34 7.92966
35 7.92966
36 7.92966
37 7.92966
38 7.92966
39 7.92966
40 7.92966
41 7.92966
42 7.92966
43 7.92966
44 7.92966
45 7.92966
46 7.92966
47 7.92966
48 7.92966
49 7.92966
50 7.92966
51 7.92966
52 7.92966
53 7.92966
54 7.92966
55 7.92966
56 7.92966
57 7.92966
58 7.92966
59 7.92966
60 7.92966
61 7.92966
62 7.92966
63 7.92966
64 7.92966
65 7.92966
66 7.92966
67 7.92966
68 7.92966
69 7.92966
70 7.92966
71 7.92966
72 7.92966
73 7.92966
74 7.92966
75 7.92966
76 7.92966
77 7.92966
78 7.92966
79 7.92966
80 7.92966
81 7.92966
82 7.92966
83 7.92966
84 7.92966
85 7.92966
86 7.92966
87 7.92966
88 7.92966
89 7.92966
90 7.92966
91 7.92966
92 7.92966
93 7.92966
94 7.92966
95 7.92966
96 7.92966
97 7.92966
98 7.92966
99 7.92966
100 7.92966
101 7.92966
102 7.92966
103 7.92966
104 7.92966
105 7.92966
106 7.92966
107 7.92966
108 7.92966
109 7.92966
110 7.92966
111 7.92966
112 7.92966
113 7.92966
114 7.92966
115 7.92966
116 7.92966
117 7.92966
118 7.92966
119 7.92966
120 7.92966
121 7.92966
122 7.92966
123 7.92966
124 7.92966
125 7.92966
126 7.92966
127 7.92966
128 7.92966
129 7.92966
130 7.92966
131 7.92966
132 7.92966
133 7.92966
134 7.92966
135 7.92966
136 7.92966
137 7.92966
138 7.92966
139 7.92966
140 7.92966
141 7.92966
142 7.92966
143 7.92966
144 7.92966
145 7.92966
146 7.92966
147 7.92966
148 7.92966
149 7.92966
150 7.92966
151 7.92966
152 7.92966
153 7.92966
154 7.92966
155 7.92966
156 7.92966
157 7.92966
158 7.92966
159 7.92966
160 7.92966
161 7.92966
162 7.92966
163 7.92966
164 7.92966
165 7.92966
166 7.92966
167 7.92966
168 7.92966
169 7.92966
170 7.92966
171 7.92966
172 7.92966
173 7.92966
174 7.92966
175 7.92966
176 7.92966
177 7.92966
178 7.92966
179 7.92966
180 7.92966
181 7.92966
182 7.92966
183 7.92966
184 7.92966
185 7.92966
186 7.92966
187 7.92966
188 7.92966
189 7.92966
190 7.92966
191 7.92966
192 7.92966
193 7.92966
194 7.92966
195 7.92966
196 7.92966
197 7.92966
198 7.92966
199 7.92966
200 7.92966
201 7.92966
202 7.92966
203 7.92966
204 7.92966
205 7.92966
206 7.92966
207 7.92966
208 7.92966
209 7.92966
210 7.92966
211 7.92966
212 7.92966
213 7.92966
214 7.92966
215 7.92966
216 7.92966
217 7.92966
218 7.92966
219 7.92966
220 7.92966
221 7.92966
222 7.92966
223 7.92966
224 7.92966
225 7.92966
226 7.92966
227 7.92966
228 7.92966
229 7.92966
230 7.92966
231 7.92966
232 7.92966
233 7.92966
234 7.92966
235 7.92966
236 7.92966
237 7.92966
238 7.92966
239 7.92966
240 7.92966
241 7.92966
242 7.92966
243 7.92966
244 7.92966
245 7.92966
246 7.92966
247 7.92966
248 7.92966
249 7.92966
250 7.92966
251 7.92966
252 7.92966
253 7.92966
254 7.92966
255 7.92966
256 7.92966
257 7.92966
258 7.92966
259 7.92966
260 7.92966
261 7.92966
262 7.92966
263 7.92966
264 7.92966
265 7.92966
266 7.92966
267 7.92966
268 7.92966
269 7.92966
270 7.92966
271 7.92967
272 7.92967
273 7.92967
274 7.92967
275 7.92967
276 7.92967
277 7.92967
278 7.92967
279 7.92967
280 7.92967
281 7.92967
282 7.92967
283 7.92967
284 7.92967
285 7.92967
286 7.92967
287 7.92967
288 7.92967
289 7.92967
290 7.92967
291 7.92967
292 7.92967
293 7.92967
294 7.92967
295 7.92967
296 7.92967
297 7.92967
298 7.92967
299 7.92967
300 7.92967
301 7.92967
302 7.92967
303 7.92967
304 7.92967
305 7.92967
306 7.92967
307 7.92967
308 7.92967
309 7.92967
310 7.92967
311 7.92967
312 7.92967
313 7.92967
314 7.92967
315 7.92967
316 7.92967
317 7.92967
318 7.92967
319 7.92967
320 7.92967
321 7.92967
322 7.92967
323 7.92967
324 7.92967
325 7.92967
326 7.92967
327 7.92967
328 7.92967
329 7.92967
330 7.92967
331 7.92967
332 7.92967
333 7.92967
334 7.92967
335 7.92967
336 7.92967
337 7.92967
338 7.92967
339 7.92967
340 7.92967
341 7.92967
342 7.92967
343 7.92967
344 7.92967
345 7.92967
346 7.92967
347 7.92967
348 7.92967
349 7.92967
350 7.