0 -0.000898775
1 -0.000898782
2 -0.00089879
3 -0.000898798
4 -0.000898805
5 -0.000898814
6 -0.000898822
7 -0.00089883
8 -0.000898839
9 -0.000898848
10 -0.000898857
11 -0.000898866
12 -0.000898875
13 -0.000898885
14 -0.000898894
15 -0.000898904
16 -0.000898914
17 -0.000898925
18 -0.000898935
19 -0.000898946
20 -0.000898957
21 -0.000898968
22 -0.000898979
23 -0.00089899
24 -0.000899002
25 -0.000899013
26 -0.000899025
27 -0.000899037
28 -0.00089905
29 -0.000899062
30 -0.000899075
31 -0.000899088
32 -0.000899101
33 -0.000899114
34 -0.000899127
35 -0.000899141
36 -0.000899154
37 -0.000899168
38 -0.000899182
39 -0.000899197
40 -0.000899211
41 -0.000899226
42 -0.000899241
43 -0.000899256
44 -0.000899271
45 -0.000899286
46 -0.000899302
47 -0.000899317
48 -0.000899333
49 -0.000899349
50 -0.000899366
51 -0.000899382
52 -0.000899399
53 -0.000899415
54 -0.000899432
55 -0.00089945
56 -0.000899467
57 -0.000899485
58 -0.000899502
59 -0.00089952
60 -0.000899538
61 -0.000899557
62 -0.000899575
63 -0.000899594
64 -0.000899612
65 -0.000899631
66 -0.000899651
67 -0.00089967
68 -0.000899689
69 -0.000899709
70 -0.000899729
71 -0.000899749
72 -0.000899769
73 -0.00089979
74 -0.00089981
75 -0.000899831
76 -0.000899852
77 -0.000899873
78 -0.000899895
79 -0.000899916
80 -0.000899938
81 -0.00089996
82 -0.000899982
83 -0.000900004
84 -0.000900026
85 -0.000900049
86 -0.000900072
87 -0.000900095
88 -0.000900118
89 -0.000900141
90 -0.000900165
91 -0.000900188
92 -0.000900212
93 -0.000900236
94 -0.000900261
95 -0.000900285
96 -0.00090031
97 -0.000900334
98 -0.000900359
99 -0.000900384
100 -0.00090041
101 -0.000900435
102 -0.000900461
103 -0.000900487
104 -0.000900513
105 -0.000900539
106 -0.000900565
107 -0.000900592
108 -0.000900619
109 -0.000900645
110 -0.000900673
111 -0.0009007
112 -0.000900727
113 -0.000900755
114 -0.000900783
115 -0.000900811
116 -0.000900839
117 -0.000900867
118 -0.000900896
119 -0.000900925
120 -0.000900953
121 -0.000900983
122 -0.000901012
123 -0.000901041
124 -0.000901071
125 -0.000901101
126 -0.000901131
127 -0.000901161
128 -0.000901191
129 -0.000901222
130 -0.000901252
131 -0.000901283
132 -0.000901314
133 -0.000901345
134 -0.000901377
135 -0.000901409
136 -0.00090144
137 -0.000901472
138 -0.000901504
139 -0.000901537
140 -0.000901569
141 -0.000901602
142 -0.000901635
143 -0.000901668
144 -0.000901701
145 -0.000901734
146 -0.000901768
147 -0.000901802
148 -0.000901836
149 -0.00090187
150 -0.000901904
151 -0.000901938
152 -0.000901973
153 -0.000902008
154 -0.000902043
155 -0.000902078
156 -0.000902113
157 -0.000902149
158 -0.000902185
159 -0.000902221
160 -0.000902257
161 -0.000902293
162 -0.000902329
163 -0.000902366
164 -0.000902403
165 -0.00090244
166 -0.000902477
167 -0.000902514
168 -0.000902552
169 -0.00090259
170 -0.000902627
171 -0.000902665
172 -0.000902704
173 -0.000902742
174 -0.000902781
175 -0.00090282
176 -0.000902858
177 -0.000902898
178 -0.000902937
179 -0.000902976
180 -0.000903016
181 -0.000903056
182 -0.000903096
183 -0.000903136
184 -0.000903177
185 -0.000903217
186 -0.000903258
187 -0.000903299
188 -0.00090334
189 -0.000903381
190 -0.000903423
191 -0.000903464
192 -0.000903506
193 -0.000903548
194 -0.00090359
195 -0.000903633
196 -0.000903675
197 -0.000903718
198 -0.000903761
199 -0.000903804
200 -0.000903847
201 -0.000903891
202 -0.000903934
203 -0.000903978
204 -0.000904022
205 -0.000904066
206 -0.000904111
207 -0.000904155
208 -0.0009042
209 -0.000904245
210 -0.00090429
211 -0.000904335
212 -0.000904381
213 -0.000904426
214 -0.000904472
215 -0.000904518
216 -0.000904564
217 -0.00090461
218 -0.000904657
219 -0.000904704
220 -0.00090475
221 -0.000904798
222 -0.000904845
223 -0.000904892
224 -0.00090494
225 -0.000904988
226 -0.000905035
227 -0.000905084
228 -0.000905132
229 -0.00090518
230 -0.000905229
231 -0.000905278
232 -0.000905327
233 -0.000905376
234 -0.000905426
235 -0.000905475
236 -0.000905525
237 -0.000905575
238 -0.000905625
239 -0.000905675
240 -0.000905726
241 -0.000905776
242 -0.000905827
243 -0.000905878
244 -0.000905929
245 -0.000905981
246 -0.000906032
247 -0.000906084
248 -0.000906136
2