1 0.317186
2 0.317186
3 0.317186
4 0.317186
5 0.317186
6 0.317186
7 0.317186
8 0.317186
9 0.317186
10 0.317186
11 0.317186
12 0.317186
13 0.317186
14 0.317186
15 0.317186
16 0.317186
17 0.317186
18 0.317186
19 0.317186
20 0.317186
21 0.317186
22 0.317186
23 0.317186
24 0.317186
25 0.317186
26 0.317186
27 0.317186
28 0.317186
29 0.317186
30 0.317186
31 0.317186
32 0.317186
33 0.317186
34 0.317186
35 0.317186
36 0.317186
37 0.317186
38 0.317186
39 0.317186
40 0.317186
41 0.317186
42 0.317186
43 0.317186
44 0.317186
45 0.317186
46 0.317186
47 0.317186
48 0.317186
49 0.317186
50 0.317186
51 0.317186
52 0.317186
53 0.317186
54 0.317186
55 0.317186
56 0.317186
57 0.317186
58 0.317186
59 0.317186
60 0.317186
61 0.317186
62 0.317186
63 0.317186
64 0.317186
65 0.317186
66 0.317186
67 0.317186
68 0.317186
69 0.317186
70 0.317186
71 0.317186
72 0.317186
73 0.317186
74 0.317186
75 0.317186
76 0.317186
77 0.317186
78 0.317186
79 0.317186
80 0.317186
81 0.317186
82 0.317186
83 0.317186
84 0.317186
85 0.317186
86 0.317186
87 0.317186
88 0.317186
89 0.317186
90 0.317186
91 0.317186
92 0.317186
93 0.317186
94 0.317186
95 0.317186
96 0.317186
97 0.317186
98 0.317186
99 0.317186
100 0.317186
101 0.317186
102 0.317186
103 0.317186
104 0.317186
105 0.317186
106 0.317186
107 0.317186
108 0.317186
109 0.317186
110 0.317186
111 0.317186
112 0.317186
113 0.317186
114 0.317186
115 0.317186
116 0.317186
117 0.317186
118 0.317186
119 0.317186
120 0.317186
121 0.317186
122 0.317186
123 0.317186
124 0.317186
125 0.317186
126 0.317186
127 0.317186
128 0.317186
129 0.317186
130 0.317186
131 0.317186
132 0.317186
133 0.317186
134 0.317186
135 0.317186
136 0.317186
137 0.317186
138 0.317186
139 0.317186
140 0.317186
141 0.317186
142 0.317186
143 0.317186
144 0.317186
145 0.317186
146 0.317186
147 0.317186
148 0.317186
149 0.317186
150 0.317186
151 0.317186
152 0.317186
153 0.317186
154 0.317186
155 0.317186
156 0.317186
157 0.317186
158 0.317186
159 0.317186
160 0.317186
161 0.317186
162 0.317186
163 0.317186
164 0.317186
165 0.317186
166 0.317186
167 0.317186
168 0.317186
169 0.317186
170 0.317186
171 0.317186
172 0.317186
173 0.317186
174 0.317186
175 0.317186
176 0.317186
177 0.317186
178 0.317186
179 0.317186
180 0.317186
181 0.317186
182 0.317186
183 0.317186
184 0.317186
185 0.317186
186 0.317186
187 0.317186
188 0.317186
189 0.317186
190 0.317186
191 0.317186
192 0.317186
193 0.317186
194 0.317186
195 0.317186
196 0.317186
197 0.317186
198 0.317186
199 0.317186
200 0.317186
201 0.317186
202 0.317186
203 0.317186
204 0.317186
205 0.317186
206 0.317186
207 0.317186
208 0.317186
209 0.317186
210 0.317186
211 0.317186
212 0.317186
213 0.317186
214 0.317186
215 0.317186
216 0.317186
217 0.317186
218 0.317186
219 0.317186
220 0.317186
221 0.317186
222 0.317187
223 0.317187
224 0.317187
225 0.317187
226 0.317187
227 0.317187
228 0.317187
229 0.317187
230 0.317187
231 0.317187
232 0.317187
233 0.317187
234 0.317187
235 0.317187
236 0.317187
237 0.317187
238 0.317187
239 0.317187
240 0.317187
241 0.317187
242 0.317187
243 0.317187
244 0.317187
245 0.317187
246 0.317187
247 0.317187
248 0.317187
249 0.317187
250 0.317187
251 0.317187
252 0.317187
253 0.317187
254 0.317187
255 0.317187
256 0.317187
257 0.317187
258 0.317187
259 0.317187
260 0.317187
261 0.317187
262 0.317187
263 0.317187
264 0.317187
265 0.317187
266 0.317187
267 0.317187
268 0.317187
269 0.317187
270 0.317187
271 0.317187
272 0.317187
273 0.317187
274 0.317187
275 0.317187
276 0.317187
277 0.317187
278 0.317187
279 0.317187
280 0.317187
281 0.317187
282 0.317187
283 0.317187
284 0.317187
285 0.317187
286 0.317187
287 0.317187
288 0.317187
289 0.317187
290 0.317187
291 0.317187
292 0.317187
293 0.317187
294 0.317187
295 0.317187
296 0.317187
297 0.317187
298 0.317187
299 0.317187
300 0.317187
301 0.317187
302 0.317187
303 0.317187
304 0.317187
305 0.317187
306 0.317187
307 0.317187
308 0.317187
309 0.317187
310 0.317187
311 0.317187
312 0.317187
313 0.317187
314 0.317187
315 0.317187
316 0.317187
317 0.317187
318 0.317187
319 0.317187
320 0.317187
321 0.317187
322 0.317187
323 0.317187
324 0