 -----------------------------                      ------------------------------
   Energy =                     -73.000000
 -----------------------------                      ------------------------------
      No. | Longitudinal | Transverse |              Magnetic Moment   

       1         0.0           0.0         5.000000
       2         0.0          18.4         5.000000
       3       180.0          39.2        -1.000000
       4       180.0        -119.0        -1.000000
       5       180.0           4.4        -1.000000
       6       180.0        -130.8        -1.000000
       7       180.0        -172.2        -1.000000
       8       180.0        -167.2        -1.000000
       9       180.0        -162.8        -1.000000
      10       180.0         175.7        -1.000000
      11       180.0        -130.6        -1.000000
      12       180.0         152.1        -1.000000
      13       180.0         149.2        -1.000000
      14         0.0         -49.3         1.000000
      15         0.0         -16.4         1.000000
      16       180.0         149.8        -1.000000
      17       180.0        -148.3        -1.000000
      18         0.0         -69.4         1.000000
      19       180.0         115.3        -1.000000
      20         0.0         -68.7         1.000000
 -----------------------------                      ------------------------------
                  Total magnetic moment:   0.000000
 -----------------------------                      ------------------------------
