       1         0.0           0.0         5.000000
       2       180.0         -83.0        -5.000000
       3       180.0         -39.2        -1.000000
       4         0.0          91.2         1.000000
       5       180.0         -23.6        -1.000000
       6         0.0          88.2         1.000000
       7       180.0           3.2        -1.000000
       8         0.0          92.3         1.000000
       9       180.0          10.5        -1.000000
      10         0.0          94.8         1.000000
      11       180.0        -177.5        -1.000000
      12         0.0          97.4         1.000000
      13       180.0        -161.3        -1.000000
      14         0.0          54.7         1.000000
      15         0.0          90.0         1.000000
      16       180.0         -85.0        -1.000000
      17       180.0         -74.4        -1.000000
      18         0.0         107.1         1.000000
      19         0.0         100.0         1.000000
      20       180.0         -88.3        -1.000000
