       1         0.0           0.0         5.000000
       2       180.0         -65.2        -5.000000
       3       180.0         146.1        -1.000000
       4         0.0         119.9         1.000000
       5       180.0          -8.8        -1.000000
       6         0.0         159.1         1.000000
       7       180.0         153.3        -1.000000
       8         0.0          88.5         1.000000
       9       180.0        -116.7        -1.000000
      10         0.0          91.9         1.000000
      11       180.0          57.3        -1.000000
      12         0.0         128.8         1.000000
      13       180.0        -146.9        -1.000000
      14         0.0          -9.6         1.000000
      15         0.0           9.5         1.000000
      16       180.0          20.2        -1.000000
      17       180.0        -173.9        -1.000000
      18         0.0          29.2         1.000000
      19         0.0          84.4         1.000000
      20       180.0         -97.4        -1.000000
