 -----------------------------                      ------------------------------
   Energy =                     -73.000000
 -----------------------------                      ------------------------------
      No. | Longitudinal | Transverse |              Magnetic Moment   

       1         0.0           0.0         5.000000
       2         0.0          70.2         5.000000
       3       180.0         136.3        -1.000000
       4       180.0         156.1        -1.000000
       5       180.0         105.2        -1.000000
       6       180.0         -42.5        -1.000000
       7       180.0          43.4        -1.000000
       8       180.0         -28.5        -1.000000
       9       180.0          96.5        -1.000000
      10       180.0          68.6        -1.000000
      11       180.0         -65.6        -1.000000
      12       180.0          44.5        -1.000000
      13       180.0          85.1        -1.000000
      14         0.0         -14.5         1.000000
      15       180.0         -42.5        -1.000000
      16         0.0           5.2         1.000000
      17         0.0          28.7         1.000000
      18       180.0        -161.8        -1.000000
      19       180.0        -113.9        -1.000000
      20         0.0           5.7         1.000000
 -----------------------------                      ------------------------------
                  Total magnetic moment:  -0.000000
 -----------------------------                      ------------------------------
