       1         0.0           0.0         5.000000
       2       180.0         105.9        -5.000000
       3       180.0         132.4        -1.000000
       4         0.0        -105.2         1.000000
       5       180.0          22.8        -1.000000
       6         0.0        -107.2         1.000000
       7       180.0        -141.5        -1.000000
       8         0.0         -86.9         1.000000
       9       180.0         -82.7        -1.000000
      10         0.0         -28.1         1.000000
      11       180.0        -152.0        -1.000000
      12         0.0        -107.0         1.000000
      13       180.0         165.2        -1.000000
      14         0.0           1.1         1.000000
      15       180.0          -6.9        -1.000000
      16         0.0        -141.2         1.000000
      17         0.0          89.1         1.000000
      18       180.0        -133.7        -1.000000
      19         0.0         -50.7         1.000000
      20       180.0         119.2        -1.000000
