  Number of couples:
   27
  Exchange (No., Couple IDs, Value):
    1       1     3         -1.000000
    2       1     5         -1.000000
    3       1     7         -1.000000
    4       1     9         -1.000000
    5       1    11         -1.000000
    6       3     5          1.000000
    7       5     7          1.000000
    8       7     9          1.000000
    9       9    11          1.000000
   10       2     4         -1.000000
   11       2     6         -1.000000
   12       2     8         -1.000000
   13       2    10         -1.000000
   14       2    12         -1.000000
   15       4     6          1.000000
   16       6     8          1.000000
   17       8    10          1.000000
   18      10    12          1.000000
   19       1    13         -1.000000
   20      13    14         -1.000000
   21      13    15         -1.000000
   22      15    16         -1.000000
   23      15    17         -1.000000
   24      17    18         -1.000000
   25      17    19         -1.000000
   26      19    20         -1.000000
   27      19     2         -1.000000
