       1         0.0           0.0         5.000000
       2       180.0         -74.6        -5.000000
       3       180.0           2.5        -1.000000
       4         0.0         -53.0         1.000000
       5       180.0          38.6        -1.000000
       6         0.0         -85.8         1.000000
       7       180.0           2.3        -1.000000
       8         0.0         -37.1         1.000000
       9       180.0         -10.0        -1.000000
      10         0.0         -83.4         1.000000
      11       180.0         -88.8        -1.000000
      12         0.0         -81.1         1.000000
      13       180.0        -118.7        -1.000000
      14         0.0          97.2         1.000000
      15       180.0          60.6        -1.000000
      16         0.0         -56.4         1.000000
      17         0.0         -56.9         1.000000
      18       180.0        -164.9        -1.000000
      19         0.0        -166.7         1.000000
      20       180.0          17.0        -1.000000
