       1         0.0           0.0         5.000000
       2         0.0         106.3         5.000000
       3       180.0         -79.5        -1.000000
       4       180.0        -134.0        -1.000000
       5       180.0         -59.7        -1.000000
       6       180.0         -60.9        -1.000000
       7       180.0          -7.1        -1.000000
       8       180.0         176.6        -1.000000
       9       180.0        -129.2        -1.000000
      10       180.0         -54.0        -1.000000
      11       180.0          75.2        -1.000000
      12       180.0         -27.9        -1.000000
      13       180.0         116.4        -1.000000
      14         0.0         -32.7         1.000000
      15       180.0           8.5        -1.000000
      16         0.0         -63.7         1.000000
      17         0.0         133.6         1.000000
      18       180.0         136.7        -1.000000
      19       180.0         -58.7        -1.000000
      20         0.0          36.9         1.000000
