       1         0.0           0.0         5.000000
       2         0.0         169.3         5.000000
       3       180.0          -3.6        -1.000000
       4       180.0         -23.9        -1.000000
       5       180.0         140.0        -1.000000
       6       180.0         -92.1        -1.000000
       7       180.0         122.3        -1.000000
       8       180.0         -43.1        -1.000000
       9       180.0          96.0        -1.000000
      10       180.0           3.7        -1.000000
      11       180.0         114.2        -1.000000
      12       180.0         -71.4        -1.000000
      13       180.0         116.6        -1.000000
      14         0.0         141.0         1.000000
      15       180.0         -29.9        -1.000000
      16         0.0          71.7         1.000000
      17         0.0         -85.7         1.000000
      18       180.0        -131.8        -1.000000
      19       180.0          -1.0        -1.000000
      20         0.0           8.9         1.000000
