       1         0.0           0.0         5.000000
       2       180.0        -123.9        -5.000000
       3       180.0         163.4        -1.000000
       4         0.0         -39.5         1.000000
       5       180.0        -121.8        -1.000000
       6         0.0         104.0         1.000000
       7       180.0          31.1        -1.000000
       8         0.0          63.3         1.000000
       9       180.0          20.4        -1.000000
      10         0.0          74.8         1.000000
      11       180.0         -18.8        -1.000000
      12         0.0         -47.6         1.000000
      13       180.0          -9.3        -1.000000
      14         0.0         139.0         1.000000
      15       180.0         109.1        -1.000000
      16         0.0        -144.4         1.000000
      17         0.0        -167.6         1.000000
      18       180.0         -45.3        -1.000000
      19         0.0          52.6         1.000000
      20       180.0        -113.8        -1.000000
