       1         0.0           0.0         5.000000
       2       180.0          53.5        -5.000000
       3       180.0        -175.4        -1.000000
       4         0.0        -122.6         1.000000
       5       180.0         172.4        -1.000000
       6         0.0        -125.9         1.000000
       7       180.0          18.6        -1.000000
       8         0.0        -122.6         1.000000
       9       180.0        -117.1        -1.000000
      10         0.0        -126.7         1.000000
      11       180.0        -172.3        -1.000000
      12         0.0        -122.4         1.000000
      13       180.0          62.7        -1.000000
      14         0.0          75.8         1.000000
      15         0.0        -140.1         1.000000
      16       180.0          36.4        -1.000000
      17       180.0          40.7        -1.000000
      18         0.0        -139.6         1.000000
      19         0.0        -119.2         1.000000
      20       180.0          55.3        -1.000000
